DECOY 1ACB: SUCCESS
DECOY 1ATN: 2 5 7 18 27 28 31 36 41 46 47 48 63 78 80 81 89 92 94 106 109 113 116 144 149 151 152 170 186 187 190 192 194 198 205 206 212 214 218 219 222 230 235 241 242 243 249 251 260 273 281 282 285 295 308 310 315 332 335 338 344 360 368 371 372 379 385 388 403 404 429 433 436 445 457 460 462 466 467 468 469 473 478 479 482 485 496 498 504 506 507 522 536 538 539 549 555 557 559 567 573 577 578 584 585 598 605 612 615 620 623 634 642 644 648 655 669 670 678 684 685 686 698 699 707 709 726 743 747 749 763 789 792 799 800 802 806 834 836 839 847 855 859 864 875 885 892 902 904 909 914 921 923 934 939 954 960 964 967 968 975 978 984 993 994 FAILED 165
DECOY 1AVW: SUCCESS
DECOY 1AVZ: SUCCESS
DECOY 1BQL: SUCCESS
DECOY 1BRC: SUCCESS
DECOY 1BRS: SUCCESS
DECOY 1BTH: SUCCESS
DECOY 1BVK: 5 6 9 10 11 12 13 18 19 23 25 26 27 35 36 37 38 39 40 43 44 45 48 49 50 51 52 54 57 59 60 64 65 72 74 79 82 84 85 89 92 94 95 96 97 98 102 103 106 108 109 112 113 114 117 120 121 122 124 126 131 132 134 135 136 137 138 140 142 148 150 151 154 157 158 159 160 161 163 167 170 171 173 175 179 180 181 184 185 186 189 190 191 193 195 198 200 207 209 211 212 214 215 218 219 220 221 222 223 225 226 228 229 230 233 234 236 241 242 243 245 255 260 261 262 265 266 268 271 272 273 274 276 278 280 282 287 289 294 295 296 303 304 305 306 309 312 320 324 326 327 328 331 335 337 338 340 341 345 346 351 353 355 358 360 362 364 365 370 371 372 374 375 378 381 382 384 386 388 390 395 396 397 399 405 406 408 409 412 415 417 418 420 423 424 425 426 432 433 438 440 443 445 446 447 449 458 460 461 462 468 469 471 473 474 475 476 479 481 483 493 503 504 505 508 512 514 515 518 519 521 525 527 529 530 531 532 535 536 537 538 539 542 543 545 546 547 549 553 555 556 557 560 562 563 564 567 568 570 571 572 574 578 581 584 585 586 587 588 590 592 596 597 598 604 608 609 613 617 618 619 624 625 626 627 630 631 632 636 637 640 641 642 652 653 655 660 675 678 681 683 685 689 691 697 699 700 702 705 707 708 709 711 713 716 717 719 721 722 723 724 725 726 728 730 732 734 736 739 741 742 743 744 745 746 748 749 750 752 754 755 763 764 766 767 770 773 774 775 776 780 785 787 790 792 798 800 801 803 804 807 809 812 813 814 816 818 820 822 825 826 827 831 832 833 835 836 837 838 840 841 844 845 846 854 855 859 860 862 863 871 872 875 878 879 881 885 887 888 889 892 893 894 901 904 905 907 909 910 912 914 915 919 920 921 924 929 930 931 933 934 936 937 939 946 948 949 952 953 955 956 957 959 966 967 968 970 971 975 976 983 984 987 988 989 990 991 992 993 996 997 999 FAILED 452
DECOY 1CHO: SUCCESS
DECOY 1CSE: SUCCESS
DECOY 1DFJ: 5 24 41 77 82 90 106 135 183 200 217 242 263 278 311 320 351 368 384 386 407 431 437 454 466 480 494 502 519 624 644 702 708 730 747 748 749 762 794 827 851 883 890 893 924 958 995 FAILED 47
DECOY 1DQJ: 0 1 2 6 8 12 18 21 23 24 33 39 41 49 53 55 56 59 60 61 65 73 80 81 87 90 91 92 97 100 103 105 106 108 109 110 114 118 123 125 127 131 133 136 138 139 141 142 145 147 148 150 151 153 157 158 160 162 166 167 169 170 171 172 173 176 177 185 187 191 194 199 204 206 210 215 220 223 226 228 230 232 240 246 247 256 258 259 262 265 269 277 283 286 290 293 295 296 297 300 306 316 319 321 324 338 342 344 350 357 366 367 372 380 382 384 385 390 395 397 400 403 408 413 414 420 423 424 425 428 430 432 433 434 442 448 451 456 466 470 475 476 494 495 497 498 500 501 502 503 504 510 511 512 517 518 521 522 530 531 536 540 542 547 553 558 560 569 570 572 576 577 578 585 587 599 600 601 602 603 607 615 622 629 632 638 641 642 647 651 653 657 663 665 671 674 675 681 685 688 689 692 696 699 700 701 703 704 705 706 708 712 716 718 719 722 724 725 727 730 731 735 749 750 751 753 754 759 763 770 772 775 776 780 781 784 786 788 789 798 801 802 806 807 809 811 813 819 827 830 831 832 834 839 843 846 853 854 859 860 861 862 863 867 869 870 871 878 884 886 888 891 892 896 904 908 909 913 922 926 927 930 931 935 937 938 941 942 947 949 961 963 966 973 974 975 978 981 990 993 994 995 997 FAILED 303
DECOY 1EFU: SUCCESS
DECOY 1EO8: SUCCESS
DECOY 1FBI: 226 FAILED 1
DECOY 1FIN: 5 6 8 9 11 14 21 23 24 27 31 37 39 40 41 49 50 53 59 61 62 67 69 71 73 77 83 93 97 98 105 109 110 116 117 122 126 127 131 132 133 135 141 142 144 146 149 154 156 157 158 171 174 175 176 178 180 182 185 189 190 192 198 202 206 208 211 212 214 219 222 223 227 231 232 234 239 241 242 245 246 250 253 254 256 261 263 264 266 267 272 275 276 277 283 285 288 290 291 292 297 301 304 311 314 315 317 318 319 324 325 330 331 332 335 336 337 344 345 346 348 354 356 357 359 360 369 370 380 381 384 385 388 392 394 399 400 401 404 408 409 412 416 419 423 425 426 428 430 433 435 437 440 445 447 448 449 453 454 463 464 465 469 475 477 484 488 492 494 496 507 508 512 514 518 521 524 528 529 530 541 542 545 546 549 550 551 559 562 565 568 571 584 588 593 594 596 597 600 602 615 624 625 627 628 629 630 636 641 642 645 647 651 657 658 660 662 664 668 669 670 672 675 678 682 690 691 692 693 696 697 700 708 711 714 720 722 724 730 733 734 735 743 745 746 750 751 752 754 756 759 766 767 769 776 777 778 790 793 804 805 807 808 810 811 815 816 817 828 833 835 836 841 847 849 855 859 860 862 865 866 867 871 875 885 888 895 897 899 900 901 909 910 915 917 922 923 927 928 930 939 950 952 954 955 962 963 965 967 975 977 978 983 987 992 993 998 FAILED 317
DECOY 1FQ1: SUCCESS
DECOY 1FSS: SUCCESS
DECOY 1GLA: SUCCESS
DECOY 1GOT: SUCCESS
DECOY 1IAI: 0 1 2 3 4 5 6 7 8 10 11 12 13 14 15 16 17 18 19 20 21 22 23 24 25 26 27 28 29 30 31 32 33 34 35 36 37 38 39 40 41 42 43 44 45 46 47 48 49 50 51 52 53 54 55 56 57 58 59 60 62 63 64 65 66 67 69 70 71 72 73 74 75 76 77 78 79 80 81 82 83 84 85 86 87 88 90 91 92 93 94 95 96 97 98 99 100 101 102 103 104 105 106 107 108 109 110 111 112 113 114 115 116 117 118 119 121 122 123 124 125 126 127 128 129 130 131 132 133 134 135 136 137 138 139 140 141 142 143 144 145 146 147 149 151 152 153 154 155 156 157 158 159 160 161 162 163 164 165 166 167 168 169 170 171 172 173 174 175 176 178 179 180 181 182 183 184 185 186 187 188 189 190 191 192 193 194 195 196 197 198 199 200 201 202 203 204 205 206 207 208 209 210 211 212 213 214 215 216 217 218 219 220 221 222 223 224 226 227 228 229 230 231 232 233 234 235 236 237 238 239 240 241 242 243 244 245 246 247 248 249 251 252 253 254 255 256 257 258 259 260 261 262 263 264 265 266 267 269 270 271 272 273 274 275 276 277 278 279 280 281 282 283 284 285 286 287 289 290 291 292 293 294 295 296 297 298 299 300 301 302 303 304 305 306 307 308 309 310 311 312 313 314 315 316 317 318 319 320 322 323 324 325 326 327 328 329 330 331 332 333 334 335 336 337 338 339 340 342 343 344 345 346 347 348 349 351 352 353 354 355 356 357 358 359 360 361 363 364 365 366 367 368 369 370 371 372 373 374 375 376 377 378 379 380 381 382 383 384 385 386 387 388 389 390 391 392 393 394 395 396 397 398 399 400 401 402 403 404 405 406 407 408 409 411 412 413 414 415 416 417 418 419 420 421 422 423 424 425 426 427 428 429 430 431 432 433 434 435 436 437 438 439 440 441 444 445 446 447 448 449 450 451 452 453 454 455 456 457 458 459 460 461 462 463 464 465 466 467 468 469 470 471 472 473 474 475 476 477 478 479 481 483 484 485 486 487 488 489 490 491 492 493 494 495 496 497 498 499 500 501 502 503 504 505 506 507 508 509 510 511 512 513 514 515 516 517 518 519 520 521 522 523 524 525 526 527 528 529 530 531 532 533 534 535 536 537 538 539 540 541 542 543 544 545 547 548 549 550 551 552 553 554 555 556 557 558 559 560 561 562 563 564 565 566 567 568 569 571 572 573 574 575 576 577 579 580 581 582 583 584 585 586 587 588 589 590 591 592 593 594 595 596 597 598 599 600 601 602 603 604 605 606 607 608 609 610 611 612 613 614 615 616 617 618 619 620 621 622 623 624 625 626 627 628 629 630 631 632 634 639 640 641 643 644 645 646 647 648 649 650 651 652 653 654 655 656 657 658 659 660 661 662 663 664 665 666 667 668 669 670 671 672 673 674 675 676 677 678 679 680 681 682 683 684 685 686 687 688 689 690 691 693 694 695 696 697 698 699 700 701 702 703 704 705 706 707 708 709 710 711 712 713 714 715 716 718 719 720 721 722 723 724 725 726 727 728 729 730 731 732 733 735 736 737 738 739 740 741 742 743 744 745 746 747 748 749 750 751 752 753 754 755 756 757 758 759 760 761 762 763 764 765 766 767 768 769 770 771 772 773 774 775 776 777 778 779 780 781 782 783 784 785 786 787 788 789 790 791 792 793 794 795 796 797 798 799 800 801 802 803 804 805 806 807 808 809 810 811 812 813 814 815 816 817 818 819 820 821 822 823 824 825 826 827 828 829 830 831 832 833 834 835 836 837 838 839 840 841 842 843 844 845 846 847 848 849 850 851 852 853 854 855 856 857 858 859 860 861 862 863 864 865 866 867 868 869 870 871 872 873 874 875 876 877 878 879 880 881 882 883 884 885 886 887 888 889 890 891 892 893 894 895 896 897 898 899 900 901 903 904 905 906 907 908 909 910 911 912 913 914 915 916 917 918 919 920 921 922 923 924 925 926 927 928 929 930 931 932 933 934 937 938 939 940 941 942 943 944 945 946 947 948 949 950 951 952 953 954 955 956 957 958 959 960 961 962 963 964 965 966 967 968 969 970 971 972 973 974 975 976 977 978 979 980 981 982 983 984 985 986 987 988 989 990 991 992 993 994 995 996 997 998 999 FAILED 964
DECOY 1IGC: 36 64 70 90 99 118 185 210 226 250 272 287 304 307 321 325 376 385 390 415 431 442 466 547 560 561 562 639 651 675 711 743 762 769 783 842 855 864 901 915 919 961 980 991 992 997 FAILED 46
DECOY 1JHL: 5 10 11 12 13 15 17 18 22 24 33 35 36 37 39 41 45 46 47 48 55 57 58 61 63 64 65 74 79 83 84 87 89 90 96 98 99 101 104 107 108 109 119 120 122 123 124 130 131 133 134 139 150 151 152 154 155 160 162 163 165 167 169 176 177 179 181 182 183 185 187 189 192 193 196 197 198 199 201 205 206 207 209 211 212 214 215 218 219 220 221 225 229 230 235 246 249 255 256 257 266 267 270 283 288 290 292 293 298 299 301 303 305 306 311 314 316 317 320 321 323 331 342 343 346 347 348 349 351 352 353 358 367 368 369 371 372 374 376 377 378 382 392 395 396 399 402 403 405 406 411 418 420 426 428 429 436 438 443 445 446 448 450 454 456 462 472 473 481 482 485 490 498 499 500 501 502 504 507 509 514 521 524 529 533 535 536 539 541 543 547 550 553 557 558 561 564 566 568 569 582 583 584 587 588 592 593 594 597 600 601 603 606 607 608 612 614 625 626 627 629 630 633 634 638 639 644 645 646 647 648 649 650 652 653 654 657 661 662 666 667 670 671 674 676 680 685 687 690 693 694 698 699 703 705 706 707 713 714 717 720 721 723 725 728 733 734 735 736 742 747 750 751 754 755 757 758 759 762 764 770 771 773 774 784 785 788 790 792 794 799 800 801 804 806 810 812 815 818 820 822 824 825 826 833 834 837 843 844 847 848 849 851 857 859 864 866 867 869 872 873 877 885 886 887 888 889 890 891 896 899 901 904 912 913 916 917 919 920 922 928 929 931 936 938 939 941 943 944 948 951 952 954 958 962 970 972 976 978 979 980 988 990 996 FAILED 364
DECOY 1MAH: SUCCESS
DECOY 1MDA: SUCCESS
DECOY 1MEL: 14 17 23 27 30 34 37 38 39 42 49 56 57 60 61 64 68 69 71 75 79 90 100 103 106 116 129 136 139 143 145 150 160 165 166 168 173 176 181 182 183 186 188 189 192 200 202 206 207 210 213 220 229 230 236 241 242 245 250 262 264 268 277 280 287 290 292 293 297 298 301 303 306 311 318 319 323 325 327 332 334 336 347 349 353 358 360 375 380 383 395 397 400 403 406 408 413 418 425 428 429 432 433 436 437 438 456 457 464 474 475 477 479 486 492 493 494 496 497 501 502 510 517 522 529 531 533 536 537 538 542 548 555 556 557 558 559 561 565 567 573 574 575 577 585 591 597 601 606 615 617 618 622 643 644 650 659 672 679 686 690 694 699 708 711 719 737 739 740 742 745 748 751 752 758 760 765 769 770 772 773 777 783 784 788 790 793 800 806 812 813 814 829 831 835 837 839 841 844 846 851 855 858 861 862 867 868 882 883 884 894 895 896 898 901 903 907 910 915 918 920 927 929 931 941 945 952 957 961 969 971 972 974 975 976 978 980 984 990 998 FAILED 240
DECOY 1MLC: SUCCESS
DECOY 1NCA: SUCCESS
DECOY 1NMB: 1 2 8 12 13 15 18 21 25 28 33 36 37 39 45 46 47 51 61 66 71 72 76 78 83 86 93 94 96 99 106 110 111 115 118 119 123 129 132 134 142 143 147 152 159 162 167 171 172 176 184 185 187 188 199 202 213 215 219 225 226 229 231 236 238 239 240 251 258 265 274 279 281 285 287 292 293 295 299 306 310 311 313 317 319 326 335 336 343 345 347 350 351 356 360 361 369 371 372 373 374 386 390 392 400 402 408 410 423 426 429 430 442 443 446 448 452 453 454 455 459 460 461 462 464 467 477 478 480 486 494 502 507 522 524 529 531 532 538 540 541 544 546 550 560 562 568 570 575 578 579 580 581 586 587 593 595 598 603 604 611 614 615 617 620 622 625 631 635 636 639 646 648 649 650 651 652 658 662 664 666 673 676 684 692 695 698 702 704 708 713 716 717 721 723 725 744 749 751 756 760 762 763 764 767 768 772 774 775 781 792 798 822 830 834 841 843 856 857 861 862 864 867 871 879 883 884 886 888 894 904 905 912 913 914 916 918 920 925 926 927 929 931 932 935 937 940 943 955 956 959 960 964 974 981 982 983 987 994 996 997 FAILED 261
DECOY 1PPE: SUCCESS
DECOY 1QFU: SUCCESS
DECOY 1SPB: SUCCESS
DECOY 1STF: 0 1 2 3 4 6 8 10 11 12 13 15 16 17 19 20 21 22 23 25 26 28 29 30 31 32 34 35 36 37 38 39 40 41 42 43 44 45 46 48 49 50 52 54 56 57 59 60 63 64 65 66 69 72 73 74 75 76 77 79 80 81 82 85 86 87 88 89 90 91 93 94 97 98 100 101 102 104 107 108 109 110 112 114 115 116 118 119 120 121 124 125 127 130 131 132 133 134 135 136 137 138 139 140 142 143 144 145 146 147 148 149 153 154 155 156 158 160 161 162 163 165 170 171 172 174 176 177 178 179 180 181 182 183 184 186 187 188 189 190 192 193 196 198 199 200 202 203 204 205 206 207 209 210 211 212 214 215 216 217 218 220 222 223 224 226 227 228 229 230 231 232 234 235 236 237 238 239 240 241 242 243 244 245 246 247 248 249 250 252 253 254 255 257 258 260 262 263 264 265 272 273 274 275 277 279 280 283 285 286 287 288 290 291 292 293 294 295 296 297 300 301 302 303 304 305 306 307 308 312 313 314 315 316 317 318 319 321 322 323 325 326 328 329 331 332 333 334 335 336 337 338 340 342 345 346 347 348 350 351 352 353 355 357 359 361 362 363 365 366 367 368 369 370 371 372 373 377 380 381 383 385 386 387 388 391 392 393 394 395 398 399 400 401 402 403 404 405 406 407 408 411 412 414 416 417 421 422 423 424 425 426 428 429 430 431 432 433 434 435 436 437 440 441 443 445 446 448 449 450 451 452 453 455 457 458 459 460 461 462 463 466 467 471 472 474 475 476 477 479 480 482 483 484 485 486 487 488 489 491 492 493 496 497 498 499 500 501 502 503 504 507 509 510 512 513 514 515 516 517 519 521 522 524 525 526 528 530 531 532 533 534 535 536 538 539 542 543 544 546 548 553 554 556 557 559 560 561 562 563 564 565 567 568 569 571 572 573 574 575 577 578 579 580 581 582 583 585 587 589 591 592 593 594 599 600 601 604 605 606 607 609 610 611 612 613 614 615 616 618 619 620 621 623 624 626 628 629 630 631 633 634 637 638 640 641 642 643 644 645 646 647 648 650 653 655 656 657 658 659 660 661 662 664 665 666 668 669 670 671 676 678 680 681 682 684 686 687 688 689 691 692 694 695 697 698 699 701 702 704 705 706 708 709 710 711 712 713 717 718 719 720 721 722 723 724 725 726 727 729 730 732 733 737 740 742 743 744 746 747 748 749 751 753 756 757 758 759 760 762 765 766 767 768 769 770 771 772 773 774 775 776 777 779 780 782 783 785 786 787 788 789 790 794 795 796 797 798 799 800 802 803 805 806 807 808 810 812 814 815 816 817 821 822 823 825 826 827 828 830 831 832 833 834 836 838 840 841 842 843 845 846 847 848 849 850 851 852 853 854 856 858 859 861 862 864 868 871 872 874 875 876 878 880 881 882 883 884 885 886 888 889 890 891 892 893 895 896 898 899 901 904 906 907 908 909 911 912 913 914 916 917 918 919 922 923 925 926 927 928 929 930 931 932 933 934 935 936 937 938 940 941 942 944 945 946 947 948 949 950 951 953 954 958 959 960 961 962 963 964 966 967 968 969 970 971 972 974 975 976 977 978 980 981 982 984 985 986 987 989 991 993 994 995 996 997 998 999 FAILED 728
DECOY 1TAB: SUCCESS
DECOY 1TGS: SUCCESS
DECOY 1UDI: SUCCESS
DECOY 1UGH: SUCCESS
DECOY 1WEJ: 0 1 2 3 5 8 9 12 14 15 17 18 19 21 23 24 27 28 30 31 32 34 35 37 38 40 43 44 45 46 47 48 49 54 57 58 59 62 65 67 69 70 72 73 74 75 77 78 83 84 85 86 87 88 90 91 92 94 95 96 100 101 102 103 105 106 107 108 110 112 114 117 120 121 123 124 125 126 127 135 137 138 139 142 143 145 147 154 155 156 157 159 161 163 165 166 167 169 170 171 172 173 174 175 176 178 180 181 182 183 184 186 187 189 192 193 194 196 197 198 199 202 204 205 206 208 210 215 217 220 221 222 223 225 226 228 234 236 237 239 240 241 242 243 244 246 247 249 250 251 252 253 254 256 258 260 262 263 266 269 271 272 273 274 275 277 280 284 289 290 291 295 296 299 300 301 302 304 306 308 309 310 312 313 315 316 318 319 320 321 322 323 325 329 330 331 332 333 334 336 338 340 343 344 345 346 355 356 358 361 362 363 364 365 366 368 369 370 372 373 374 379 381 382 384 386 388 389 391 392 395 398 400 405 407 408 409 410 414 415 417 419 420 421 424 425 429 431 437 441 442 444 446 447 450 452 453 454 455 456 459 460 463 470 471 474 476 478 479 482 484 485 487 488 489 491 494 496 497 499 501 503 504 507 510 512 513 514 515 518 519 520 521 522 524 525 528 532 535 537 540 545 547 548 549 550 552 554 555 556 557 559 560 562 563 566 570 571 573 574 575 576 580 581 584 586 587 591 595 600 602 604 606 608 610 612 613 614 615 619 620 623 624 625 626 627 628 629 631 636 637 638 640 641 642 643 644 645 648 649 650 652 653 656 657 658 663 664 665 666 669 672 673 679 681 685 691 695 696 697 698 699 703 704 705 706 710 711 712 713 716 717 720 723 724 725 728 729 730 731 732 734 738 739 740 741 742 743 744 745 746 749 750 751 753 755 758 759 760 761 762 764 765 766 767 768 769 770 771 772 776 781 784 790 793 796 798 799 801 802 804 805 806 809 810 812 818 819 820 823 826 828 829 831 834 839 842 843 844 846 847 848 850 854 855 856 857 858 859 860 863 865 866 870 873 875 876 877 879 880 881 883 884 888 889 890 895 898 899 901 902 903 904 906 908 909 912 913 914 915 917 919 920 925 926 928 932 934 935 939 940 941 942 944 946 947 949 952 955 957 959 960 962 963 965 967 968 969 970 972 974 977 980 985 986 987 988 991 992 994 995 997 999 FAILED 543
DECOY 1WQ1: SUCCESS
DECOY 2BTF: SUCCESS
DECOY 2JEL: 0 3 5 8 9 13 15 18 19 24 27 30 34 35 36 38 41 49 53 57 61 65 66 73 76 78 79 80 83 84 91 97 99 102 103 107 108 109 116 118 119 121 123 124 125 131 132 135 136 139 144 145 155 158 163 165 169 171 178 181 188 190 194 197 210 218 220 221 227 228 230 233 234 236 238 249 251 252 255 261 262 263 264 266 267 268 277 279 280 283 290 297 299 300 314 316 317 318 322 334 337 338 339 344 346 349 352 354 361 367 368 378 381 384 387 391 395 396 397 399 402 403 410 417 419 422 423 426 431 432 437 439 440 442 444 446 451 454 455 464 470 474 487 492 498 500 502 504 507 508 511 513 514 517 520 528 530 531 534 540 547 548 549 552 554 555 561 563 568 573 576 577 579 581 582 583 589 594 602 607 609 611 620 623 625 627 635 638 640 642 644 645 651 655 656 668 670 672 673 682 690 692 694 695 698 699 700 701 703 713 717 718 727 733 738 744 749 755 762 764 766 772 773 776 777 778 781 783 785 786 790 798 803 805 815 822 824 826 831 835 839 842 844 846 847 849 850 853 854 860 865 867 868 870 871 873 876 878 882 885 889 896 897 899 900 904 913 914 915 931 932 933 934 935 936 941 942 947 955 956 957 960 966 971 974 977 981 990 FAILED 288
DECOY 2KAI: SUCCESS
DECOY 2PCC: 4 6 7 11 12 22 23 24 25 26 30 32 33 39 40 42 46 48 49 50 60 64 66 68 70 71 72 74 75 76 77 80 82 85 93 97 101 103 122 124 125 126 129 135 142 144 145 147 148 150 155 161 163 164 165 166 169 170 175 176 177 178 180 181 191 194 195 196 197 199 201 203 204 208 209 214 216 221 222 225 228 229 235 237 241 243 246 248 251 253 262 268 269 272 275 279 280 282 290 296 302 303 304 309 318 323 325 330 331 334 335 336 338 339 341 343 344 346 348 350 354 355 358 360 365 374 376 382 383 385 388 389 392 394 402 405 411 425 427 429 434 437 441 442 445 448 450 452 454 458 459 472 473 475 477 478 479 480 481 482 486 491 493 497 499 502 503 506 508 517 518 519 520 522 524 527 529 530 531 532 533 535 545 547 548 551 554 558 559 565 566 567 568 570 577 579 581 582 583 584 587 588 594 595 599 600 601 604 610 611 616 619 622 623 626 627 631 635 636 638 645 652 658 661 665 666 673 678 679 681 682 685 692 695 696 697 699 700 701 702 704 705 706 707 710 711 712 714 715 716 721 723 724 727 734 736 740 743 746 750 752 756 759 762 763 770 772 774 776 777 778 784 786 787 788 789 790 791 794 797 800 801 805 811 812 815 818 821 822 832 834 835 840 844 845 850 853 855 858 860 865 873 876 881 883 885 886 891 894 897 898 899 903 908 913 915 919 920 921 924 926 931 935 936 938 944 947 949 956 957 960 965 969 971 977 978 984 985 994 997 998 FAILED 341
DECOY 2PTC: SUCCESS
DECOY 2SIC: 9 33 100 161 173 177 259 293 294 300 308 332 362 370 384 428 492 501 560 577 595 664 669 677 741 797 801 820 825 833 883 887 901 922 940 946 FAILED 36
DECOY 2SNI: 10 18 22 27 33 34 40 46 60 71 80 81 90 94 97 103 104 107 109 113 133 146 154 167 173 176 182 186 200 204 207 233 240 250 262 269 271 281 286 287 291 293 295 297 311 312 315 327 337 345 367 382 385 386 388 389 408 414 419 421 428 429 435 437 447 450 455 457 461 462 473 484 487 494 503 505 506 517 523 529 533 536 543 548 549 551 579 594 606 609 618 626 631 645 658 659 666 679 681 698 707 726 737 743 766 774 775 779 804 805 809 815 818 825 826 831 834 840 849 850 855 857 868 871 877 883 886 892 902 903 914 925 926 930 933 934 937 947 948 950 951 953 954 972 979 981 988 993 FAILED 148
DECOY 2TEC: 0 1 2 3 7 8 9 10 15 16 19 25 26 27 29 30 31 35 36 38 39 41 44 46 47 49 50 51 55 58 60 65 66 68 69 73 74 75 77 79 81 82 83 84 87 88 89 92 93 94 95 96 98 102 103 104 105 106 108 109 110 111 113 115 116 120 121 127 129 130 133 135 137 139 142 144 145 148 151 152 153 156 157 158 159 160 163 164 165 170 171 172 174 175 176 179 180 183 186 188 189 190 191 192 194 201 204 210 212 214 217 218 220 221 222 227 230 231 233 234 235 236 237 238 239 240 241 242 243 246 247 249 251 252 253 255 257 258 260 261 265 266 269 270 271 274 276 277 278 279 280 282 283 288 290 292 293 296 297 298 300 303 307 308 311 312 314 317 318 320 322 324 326 327 328 329 333 334 335 336 337 344 346 347 349 351 353 356 358 359 362 364 366 367 370 377 379 383 384 386 389 391 393 395 399 401 402 405 406 407 408 415 418 419 421 423 427 428 429 434 438 439 440 441 443 444 445 446 447 450 451 453 457 458 461 463 469 470 473 476 477 481 483 486 488 490 491 499 501 502 506 507 508 509 510 513 514 515 516 520 521 522 523 525 526 528 529 530 531 532 533 538 540 541 542 543 544 545 549 554 557 561 562 564 569 572 573 574 575 578 582 583 586 588 589 592 593 594 595 596 601 602 603 604 605 606 607 608 609 612 613 616 618 620 623 624 625 627 630 631 632 633 634 635 636 637 638 639 642 644 645 647 648 649 651 656 658 659 661 662 663 664 669 672 674 676 677 679 681 682 683 684 686 687 690 694 696 701 706 708 709 711 713 714 715 716 717 722 723 725 728 729 730 733 734 735 737 740 741 743 745 747 749 754 755 763 765 766 767 768 769 771 773 775 776 777 779 780 782 783 784 791 792 795 796 801 803 806 807 808 810 811 813 814 817 818 821 822 823 824 825 826 830 831 833 834 836 840 845 846 847 848 849 850 851 852 853 855 856 857 861 862 863 864 866 869 870 871 873 874 876 880 885 887 890 892 897 898 899 900 903 908 911 913 918 922 923 925 926 928 931 932 933 934 938 939 940 942 944 945 946 947 948 949 951 955 957 958 959 960 962 964 968 970 971 973 974 977 978 980 982 983 986 988 990 991 994 995 996 998 999 FAILED 511
DECOY 2VIR: 0 2 3 4 5 6 8 9 10 11 14 15 18 19 21 22 25 26 27 28 30 32 33 36 37 38 40 41 42 44 45 48 49 51 52 53 54 56 57 59 60 62 63 64 66 68 73 75 76 79 80 82 84 85 86 88 89 91 92 93 94 98 99 100 102 107 108 109 111 112 113 114 117 118 121 123 128 129 131 133 135 136 137 138 139 140 141 143 144 146 148 150 152 154 155 156 157 158 159 160 161 162 165 167 169 171 173 174 177 178 180 181 182 183 184 186 187 188 191 192 193 196 197 198 199 200 201 203 205 206 208 209 210 211 212 213 214 218 219 220 224 226 227 228 229 230 232 234 236 237 238 239 241 242 243 245 247 248 252 254 255 257 258 260 261 263 264 265 266 267 269 271 272 273 274 276 277 278 279 280 282 283 286 287 289 290 291 292 293 294 295 296 297 299 300 301 304 307 308 309 310 311 312 313 317 318 319 320 325 326 327 329 332 333 334 335 336 338 339 341 342 347 348 350 352 354 355 357 358 359 360 361 366 368 370 372 374 375 378 379 380 381 382 383 384 385 386 387 388 390 392 393 398 399 400 402 403 404 405 407 411 412 413 415 416 420 421 422 423 426 427 429 432 433 435 436 437 438 439 440 441 443 445 446 449 450 451 452 453 455 456 459 462 463 465 466 467 470 471 473 475 477 478 485 486 487 488 489 490 491 492 493 494 496 497 499 501 502 503 505 506 510 511 512 514 517 518 519 523 524 526 528 529 530 532 533 534 535 539 542 543 544 545 547 548 551 552 556 557 558 560 562 563 565 566 569 570 571 572 573 577 579 581 582 584 585 587 588 590 591 592 593 594 596 599 600 603 604 606 607 608 609 611 613 614 616 618 619 623 625 626 627 628 632 633 634 635 636 639 640 643 648 649 650 652 653 656 657 658 661 662 663 664 665 668 669 670 671 673 674 677 684 685 686 687 688 689 690 693 695 696 697 698 701 702 703 704 706 707 708 709 714 715 716 717 718 720 721 724 725 726 728 729 733 736 737 738 740 742 743 744 745 747 748 749 750 752 753 754 755 756 758 759 761 762 766 767 768 769 770 771 772 773 774 775 777 778 779 780 781 783 784 787 790 792 793 795 796 799 801 802 803 804 805 806 807 810 811 812 814 815 818 822 823 824 825 829 830 831 832 834 836 837 838 839 840 841 842 845 847 848 850 851 852 853 855 856 860 863 865 866 867 869 870 871 872 873 874 875 876 877 878 879 880 881 883 885 887 890 891 894 896 900 901 902 903 904 905 908 909 914 915 916 917 918 920 921 922 923 924 926 930 931 932 933 934 936 937 938 939 940 941 943 944 945 946 947 948 949 950 951 952 954 956 957 958 959 960 964 965 966 968 969 970 971 972 974 976 977 979 980 981 982 983 984 987 988 989 991 992 993 994 995 996 FAILED 634
DECOY 3HHR: SUCCESS
DECOY 4HTC: SUCCESS
