DECOY 1DFJ: SUCCESS
DECOY 1DQJ: 1 2 6 8 12 21 23 41 49 53 55 61 65 73 80 81 87 90 92 97 100 103 105 106 108 109 110 114 118 127 131 133 138 139 141 145 147 148 150 151 157 158 160 162 166 167 169 172 173 177 191 194 199 204 206 210 215 220 223 228 230 232 246 258 259 262 265 277 283 300 306 319 321 324 338 342 344 350 366 372 382 384 385 390 395 397 400 403 408 413 414 420 425 428 430 432 434 442 470 476 494 495 498 501 504 510 511 512 517 521 522 530 531 536 542 547 553 558 560 572 576 578 599 601 603 607 615 638 642 653 657 663 665 671 681 689 692 699 705 712 716 718 719 722 724 725 730 731 749 751 753 754 759 770 772 781 786 788 789 801 806 807 809 811 813 819 827 830 831 832 846 853 854 860 861 863 867 870 878 884 888 904 908 909 913 927 930 931 937 938 942 947 949 961 963 966 973 975 981 990 997 FAILED 201
DECOY 1FBI: SUCCESS
DECOY 1FIN: 5 6 8 9 11 14 24 27 37 40 41 49 50 53 59 62 67 71 77 83 97 98 105 109 110 122 131 132 135 144 146 158 174 175 180 185 189 190 198 206 208 211 214 219 222 223 232 239 241 242 245 246 250 253 256 261 263 264 266 267 276 277 288 290 304 311 318 319 324 325 330 336 337 344 345 348 359 360 381 384 385 394 409 416 419 423 426 428 430 433 440 445 448 449 453 454 464 465 475 488 494 508 512 521 541 545 546 549 550 551 565 584 593 594 596 597 600 602 615 624 625 629 642 645 647 651 660 662 664 668 669 670 672 690 693 697 700 708 711 714 722 724 730 733 735 745 746 750 751 754 756 759 766 769 777 778 790 793 805 816 817 828 833 835 836 841 847 849 855 859 860 885 897 909 910 917 922 923 927 939 950 952 955 963 967 975 977 992 998 FAILED 189
DECOY 1IGC: 466 901 FAILED 2
DECOY 1JHL: 10 18 24 36 45 46 47 48 57 58 64 65 84 90 98 107 122 133 139 150 165 169 179 185 198 199 201 211 218 221 225 229 249 255 256 257 267 283 290 293 305 311 316 323 353 358 371 374 382 396 399 403 405 411 420 426 443 446 448 456 462 472 485 502 504 529 533 536 539 547 564 566 592 607 612 625 627 629 648 649 652 653 654 661 666 667 693 694 698 705 707 713 723 725 734 735 762 764 770 771 773 784 785 790 794 799 800 815 820 825 826 837 848 849 851 867 869 873 887 888 890 891 899 912 916 919 928 929 931 938 939 944 948 958 FAILED 134
DECOY 1MEL: 30 34 37 38 42 49 56 69 71 160 181 207 213 220 241 277 292 293 400 403 413 418 428 432 436 464 474 475 494 510 536 561 573 574 577 585 591 617 622 659 679 686 694 711 752 788 790 806 829 861 862 882 896 915 920 927 931 941 945 961 969 972 974 984 990 998 FAILED 66
DECOY 1WEJ: 2 18 23 27 28 37 38 44 49 57 70 77 78 84 85 92 95 96 103 107 127 142 154 157 159 163 165 171 180 182 186 189 193 198 202 215 225 226 244 254 262 266 272 289 296 302 304 313 318 321 322 329 332 340 361 363 365 366 369 373 384 388 389 398 407 408 415 420 425 437 442 447 455 470 485 487 488 491 496 499 501 507 512 514 515 518 525 528 532 540 547 554 555 560 562 563 571 574 575 587 591 604 606 608 612 615 624 626 637 638 643 645 664 672 673 697 710 712 713 716 731 742 745 746 749 753 768 770 790 798 802 804 806 828 829 843 847 848 855 856 860 877 895 925 926 941 944 947 957 959 970 974 985 991 FAILED 154
DECOY 2PCC: 4 6 7 11 12 22 25 26 30 32 33 39 40 42 46 49 50 60 64 68 70 71 72 74 75 77 80 82 93 101 103 122 124 135 147 148 150 161 164 165 166 169 170 176 177 178 180 181 195 196 197 199 201 203 204 208 209 214 216 221 222 225 229 235 237 241 243 246 248 253 268 269 272 279 280 290 296 302 304 309 318 323 325 330 331 334 335 336 338 339 341 344 346 348 350 354 355 360 365 374 376 382 383 389 394 405 411 425 427 429 434 437 441 442 445 448 450 452 454 458 459 472 473 475 478 479 481 482 486 491 493 497 499 503 518 519 520 522 527 530 531 532 533 535 545 547 548 551 554 558 565 566 567 568 570 577 579 581 582 583 584 588 594 595 599 600 601 604 610 611 616 619 622 623 626 627 631 638 652 658 661 665 666 678 681 692 695 696 697 700 701 702 706 710 711 712 714 715 716 721 723 727 734 736 740 743 746 750 752 756 759 762 763 770 772 776 778 784 787 788 789 790 791 794 797 800 801 805 811 812 815 818 821 822 832 834 835 840 844 850 853 860 865 873 876 883 886 891 894 897 898 899 903 913 915 921 924 926 931 935 936 938 947 956 957 960 965 969 977 978 985 994 998 FAILED 273
DECOY 2SIC: 664 FAILED 1
DECOY 2SNI: 71 80 104 186 200 204 207 269 286 287 312 382 421 437 447 450 455 494 503 505 536 549 594 606 658 659 666 775 779 804 815 831 840 883 892 903 948 951 954 972 FAILED 40
DECOY 2TEC: 0 2 9 19 26 27 29 30 31 35 38 39 41 44 46 49 50 51 55 58 60 65 66 69 73 74 75 79 81 82 83 84 88 89 95 96 98 102 104 105 106 108 109 110 113 115 116 120 121 127 129 135 137 139 142 144 145 148 151 152 153 157 158 159 160 163 164 165 170 171 172 174 175 179 180 183 186 188 189 190 191 192 194 201 210 212 217 222 227 230 231 233 236 237 238 241 242 243 246 247 249 251 252 253 257 258 260 265 266 270 271 274 277 278 279 280 283 288 290 292 296 298 300 307 308 312 314 317 320 322 324 326 327 328 329 334 335 336 337 344 347 349 351 353 356 358 359 364 367 370 384 386 389 391 393 395 399 401 407 415 418 419 427 428 429 434 438 440 443 444 445 446 447 450 457 458 461 463 473 476 481 483 486 488 490 491 501 502 507 508 509 513 514 515 516 520 521 522 523 525 526 529 530 531 538 540 542 543 545 549 561 564 573 574 582 583 586 588 592 594 596 601 603 604 605 606 608 609 613 620 624 625 630 631 632 634 635 636 637 639 642 647 649 651 656 658 659 661 662 664 669 672 676 677 679 682 683 686 687 690 694 696 701 706 708 709 713 716 717 722 723 729 730 733 734 737 740 743 747 754 755 763 766 768 771 773 775 776 777 779 780 782 783 784 791 792 796 803 806 807 808 811 813 817 818 821 822 826 830 831 833 834 836 840 845 846 849 850 852 853 855 856 857 861 862 864 866 869 873 874 876 880 885 887 892 897 900 908 911 922 925 926 928 931 932 934 938 939 940 944 946 948 949 951 955 957 958 960 962 968 971 973 974 977 980 983 986 988 990 991 994 995 996 FAILED 373
