00021 0.0
00162 0.0
00513 0.0
00594 0.0
00548 1.4654433518978878E-27
00302 7.066518194698628E-27
00022 7.447081819410767E-26
00034 7.452252724675396E-26
00011 7.783575611641323E-26
00069 7.799556297168638E-26
00008 7.809703600806178E-26
00018 8.879217057255076E-26
00368 2.9170921544549797E-25
00007 3.265339721317495E-25
00006 1.5208716213713643E-24
00184 2.8192857873434067E-24
00141 8.379790587027745E-24
00139 1.626621225957394E-23
00407 1.6494584162726854E-23
00167 1.7204731102456027E-23
00569 1.7377934778585954E-23
00512 1.8962014335650786E-23
00360 2.1501225798875688E-23
00168 2.2973427196446266E-23
00668 2.940407575066199E-23
00572 3.178964918394817E-23
00151 4.918413440663683E-23
00058 5.78916670976063E-23
00233 8.987778893297317E-23
00036 9.170217946661386E-23
00100 1.223506893241323E-22
00048 1.2343194019426768E-22
00545 1.239122627532777E-22
00551 1.4810055844252444E-22
00013 2.368998249103554E-22
00411 3.13948063041489E-22
00166 3.2689266283353604E-22
00123 4.581514806783371E-22
00041 4.617060241680466E-22
00128 4.98587146003775E-22
00145 5.297162056222906E-22
00159 7.028825687393091E-22
00003 7.392628594023101E-22
00132 7.848524839553587E-22
00001 8.272221363256957E-22
00160 9.483022769675497E-22
00380 1.1202697631999528E-21
00126 1.1572974448422747E-21
00170 1.1647699615273096E-21
00086 1.3142159955886699E-21
00437 1.3504297743510333E-21
00171 1.4252311363959935E-21
00173 1.5331479273959347E-21
00446 1.6449100680873096E-21
00190 1.6662465750919688E-21
00161 1.764028375261122E-21
00352 1.79228829462278E-21
00066 1.8351529333605198E-21
00121 2.6965115721507696E-21
00249 2.915611409657772E-21
00563 3.1407583319605004E-21
00205 3.140758332058328E-21
00154 3.2883928440545794E-21
00382 3.618100659282945E-21
00092 3.673181121382151E-21
00163 3.7216032004154416E-21
00627 4.090680380408117E-21
00299 4.142111327123236E-21
00029 4.209514202467351E-21
00009 4.231225659407887E-21
00155 4.390241292705402E-21
00133 4.787557556569207E-21
00608 5.123747657817136E-21
00381 5.330760614907442E-21
00165 5.5170476725136064E-21
00147 6.290981378012136E-21
00119 6.456615490212925E-21
00031 6.6180219990116116E-21
00015 7.3398587791163E-21
00148 9.050128288853837E-21
00023 1.0003563002639597E-20
00634 1.0192816642831741E-20
00558 1.0694481612208029E-20
00118 1.0718715958265959E-20
00026 1.3506861105637662E-20
00102 1.4913178024368253E-20
00024 1.5824023450675672E-20
00097 1.6583641558819116E-20
00020 1.6814035779488755E-20
00052 1.8407608723016758E-20
00043 1.8674841355063853E-20
00135 1.94393896284676E-20
00130 2.2671839691708366E-20
00083 2.290867756213999E-20
00122 2.339937284844433E-20
00358 2.4360841430702158E-20
00194 2.4714155807334713E-20
00255 2.9006144622202605E-20
00456 2.92535359701391E-20
00095 3.146880044657985E-20
00045 3.1493926059191185E-20
00073 3.1530136310232557E-20
00075 3.1551845734466536E-20
00089 3.189837558275804E-20
00081 3.1913921989695085E-20
00078 3.191798173287438E-20
00098 3.194254477629839E-20
00054 3.194443905379357E-20
00028 3.1946128630741504E-20
00108 3.195427021723495E-20
00002 3.195680414153454E-20
00074 3.196221201387248E-20
00113 3.196514612235389E-20
00056 3.1978937839360394E-20
00072 3.1981173900844715E-20
00111 3.1983164688675816E-20
00049 3.88703120419421E-20
00070 4.2768901236160584E-20
00687 4.5192511752180916E-20
00619 4.589882856441709E-20
00117 4.599925552645502E-20
00116 4.9186966464745944E-20
00004 4.946975794806535E-20
00032 4.9644574556451855E-20
00064 5.118321878464353E-20
00025 5.332546795458725E-20
00096 5.582885886657691E-20
00087 5.656646433112302E-20
00062 5.746420497739301E-20
00642 6.330070650452398E-20
00606 6.631205717467201E-20
00242 6.92997441886044E-20
00290 7.221681149344648E-20
00088 7.520761223638008E-20
00085 7.537410425586128E-20
00131 7.5386968473291E-20
00055 7.638028796708478E-20
00262 8.647868862678578E-20
00577 9.153090909123165E-20
00046 9.212693909533721E-20
00047 1.0057338285370702E-19
00149 1.0129481987315559E-19
00071 1.0326835906181898E-19
00693 1.0361999436476104E-19
00030 1.04140523045296E-19
00142 1.0950714690740818E-19
00107 1.2009071476271088E-19
00103 1.2377199541382673E-19
00544 1.8491032705936042E-19
00355 1.9256738835333794E-19
00017 2.0359783638443225E-19
00616 2.308555318749221E-19
00536 3.4995500309795324E-19
00143 3.50138701936472E-19
00039 4.024597975804964E-19
00503 4.550683371032842E-19
00140 4.636815693871359E-19
00220 4.881817532353488E-19
00156 5.145109561067698E-19
00059 5.548327775899956E-19
00224 5.889516638374118E-19
00099 6.001247657237757E-19
00172 7.009511815364429E-19
00125 7.975941012353675E-19
00134 8.141552591078388E-19
00019 8.510874638284878E-19
00313 9.103430958496155E-19
00040 1.0275008461381426E-18
00076 1.3466683651304312E-18
00212 1.4382033850292323E-18
00057 1.5785167107118978E-18
00112 1.5834594172979443E-18
00110 1.583535457711169E-18
00033 1.745893843839167E-18
00068 1.7983477117680135E-18
00158 2.013725846868402E-18
00060 2.6046880081168196E-18
00138 2.9306868564317675E-18
00120 3.634682502621063E-18
00053 3.980143342858869E-18
00541 6.1022342922462875E-18
00042 6.439878556478055E-18
00570 7.16013979423068E-18
00361 7.218718008770188E-18
00144 1.2681582712535386E-17
00137 1.5358739007136833E-17
00109 1.7452925603761334E-17
00082 2.1389085232218186E-17
00150 1.6439454799590983E-16
00129 7.837644285402019E-16
00174 7.837980529054545E-16
00618 1.929483072085654E-15
00254 2.1311635974878096E-15
00453 2.1325896589767917E-15
00698 2.137630124469384E-15
00595 2.1384387923183237E-15
00105 1.888404634125721E-14
00542 3.5151475639745616E-13
00178 3.5151475649016253E-13
00492 3.5151475675938145E-13
00584 3.515147571614492E-13
00012 3.115456456206082E-12
00016 3.1210853078865E-12
00051 1.1511804955126214E-10
00065 3.197931153370669E-10
