-98.51500832069489
-66.71798931895046
-125.59602451522825
-83.01422968220467
14901.891129159727
-92.46962163069313
-193.20351000480773
255.2643516116322
-74.35475765495279
183.5799201562898
17.062349321979305
898.3937322117465
5420.774298663637
-32.164629586014506
34.43370983399289
445.7105912472729
-7.126874512371949
-79.91639397572426
94.80442902969291
14983.16755772116
19.995513253568575
-98.01485374027475
-10.011892419856725
-68.52301694467647
19.52212391335325
-145.39454944814022
-86.52564947674666
166.85224843826236
1999.3257084262104
-119.56750348795363
-79.78636263720183
799.4665201146888
-7.952023533553772
-122.3055784882156
151.78511398256975
-32.578123652655314
290.2887999817815
23.966924606762223
48.86116328443713
-66.7456577190409
707.8310855846742
-67.03868051400993
-176.51184155595303
-70.92496303174934
-46.42181500417841
-66.93152227073115
-57.787921338193236
61.407426087629226
-77.79726592351662
1014.6217654486214
-103.21380898518112
-131.6808699332474
-117.72911231111239
230.077603925289
1176.0458480704713
5511.845097811914
-147.2765279614656
26.806450917124703
-122.66576147462092
-105.91961651500634
-113.91724581346855
-96.03499733102352
-122.0241323092893
-67.39883142037415
2491.002826045931
-10.609895102026542
-59.967203427612574
-38.565257831758494
29.84705852224491
11.28929752669378
223.66899838867107
-10.119821259635458
-60.219586163578654
454.7931856513871
-10.52002967441919
3826.0581983277193
-110.59508012612602
-24.709224223943508
-67.88198562960484
-69.28174311716855
-137.11729511940155
72.25402850764677
173.21960796836376
-12.075599715909526
-64.80089272568162
5.831277994137073
2085.5316717736173
-49.15881510734213
2.273096931559966
-125.51900900519001
-126.94290321397071
-73.96207658683333
2180.4890069746434
-73.68855084228683
97.72091955520993
-43.47224745939043
-83.79877991540951
234.3463209406355
-27.131279987461433
-19.98087905717174
-37.40733705488369
36.298210201344446
995.5400930368634
164.41460192295884
693.1802851027802
-138.5930332562451
898.536081790909
-10.455484198997755
690.9063844538997
170.15878079629366
198.79123448705147
573.2726225354138
-70.20490576213922
-50.15513360442463
485.9506448586825
-6.99922911124787
-34.71322409138056
-127.48860529352677
817.8412895104057
62.042239399118024
207.52986809420096
514.2963650400111
1405.7557404827685
-101.23936183855608
639.43289150464
-23.78760539623842
132.7143094436496
452.69957928823385
-62.17188223605777
-82.79967343083399
31.65745102441464
-68.68283761295231
24.50441759732541
-63.8344317811989
15.95876625315061
252.44516861585265
255.0570408856209
-45.659343775571074
217.42171159012577
-47.487274435537536
-15.338646700772564
25626.0533443483
-43.891353278447305
16902.453828381633
-75.24502839204538
1236.069039374393
221.5757856328771
-44.20573343319486
458.709138266673
-44.14603546809063
-31.450508647964348
-131.0308997275473
-41.788939729450824
11.81020851978554
6.5191819706064065
1200.8810399404088
-34.362397822501244
-172.90088841410076
-86.95137290755682
-48.896759821660964
113.16582887337158
12.438617605076072
-23.83536446786181
168.39602911056798
-13.332379213602623
-120.34159948725019
-70.05677269003034
1722.6598161805207
-75.67021730079072
-95.8544008756258
-9.08917494619363
-133.65338092949418
210.0182503135169
25.386937996649035
65.32640302556389
636.2774858754101
-48.58031892013354
1428.7175921053108
-21.904115522256948
687.4087138140491
116.33121155285022
275.4629605519331
1128.476149684188
391.46497300276275
3390.329971812332
-114.74541319573784
43.2080263325754
74.25309258054178
-64.98105900030936
-12.379443347586745
89.87244569619574
-62.147327058300164
-40.38665541675006
-178.58042121076798
99.50578399050632
-55.881653285159864
-58.7243560200626
-54.507041002117454
-64.23011749494543
