187.37372271177523
2922.618439946576
1226.7256087445219
5639.063572773088
246.916017405363
-12.508579031173234
-86.23844656996606
180.31913299347488
182.5572418218778
-97.6551301841165
-68.19420275586525
46.8673326981536
-52.59726758475578
-211.3632051149562
384.6097040310625
151.30855841288144
518.3211097864057
75.4314023980893
-90.05433895219099
-9.752873240629548
241.84639841968794
1779.6280961677476
1105.8064714448087
25.824541573824074
1542.1104646951983
-77.22593808448465
-73.07582649801192
2.643693798998685
18422.823010835735
298.7357723513723
247.55068044953546
92.89472390157513
494.6876543881341
679.31046781896
166.06173528676916
-56.17873085010549
-55.91931615888279
-12.184453048781288
-88.1171100814464
-80.7198982429799
-37.88183649817903
3128.395462022558
1687.21997117705
-101.58134701460978
-167.36239286349883
-78.13372479118354
1549.1660433264867
76.65758905598389
-159.85678857293823
-97.15188798820282
54.502695753388394
-32.413566222862464
6.603102289662702
357.0246891681292
-42.53555572373003
260.22233579968554
960.244720132704
-28.862266127783474
554.9114974782037
47.07293633154341
37.83564796842712
1244.1246084204295
228.82995745365156
3434.316438724995
45.5954719308808
3.7208137835976207
242.16048625594152
183.12139202197804
181792.8791700266
409.3459274643898
448.19975851642357
125.40795471043359
-25.88929516988691
171.4277119687324
-39.414007339087306
248.06605298180753
785.8600247422802
260.8965015165421
216.76778573341232
-102.92982716357525
542.919333720663
350.85370639022415
-63.65537550149031
499.3043081995244
-0.3180419929086926
3.3522210656524494
16615.69166496484
4231.597575930334
541.5747090898918
-46.27965807710396
703.7297068351679
367.4645106334928
-136.06960190209452
678.4119724423895
-22.485564214425178
-46.96981148264038
-43.781874680706785
-57.684480665279956
-5.948354783668741
84.66259545246913
166.41351079292193
136.85442891648563
-63.69431406118602
-55.386905605117136
3296.980255711066
648.2305807550484
-84.20028276159064
933.1676612222618
-80.62808681369107
-48.058259422153064
2793.950021457404
104.88711574337091
-86.71161037281365
-58.773191795901774
-56.38147534193934
339.9478643142599
74.64591697336226
18.41090959974117
83.96893510902252
299.16769011121875
-29.703714335558722
-131.03395159307877
-191.74369972537036
167.09730733760438
-96.23386143600601
518.060292517731
-83.93542741108078
292.61352923937767
77.92407998620013
741.1197838081792
315.135660447937
-43.69855595704195
-80.7385515490493
164.89340580232619
-147.79446823495425
-102.72204643528654
67.03819516792515
-57.1265215336821
-31.64457021503776
105.61834383748261
-24.910332139668604
488.0155189303698
17.9942911816945
1874.0564887908333
113.81145181658384
1415.1599222003688
770.1343215795977
664.4170024407963
-48.6945820231864
3219.737834886665
1.084854109596511
69.97049200757765
370.31408235646023
1007.0316711713438
-96.77847522974645
1817.3447326347307
687.79621397625
-59.09316875090694
54.74359798232224
67.12624455853341
12.63100244594458
-54.101388913888556
2072.884297032551
-44.61656973748587
103.98399352711446
180.67053221936467
392.98038182203436
-40.589471812035846
278.59895261028635
78.90770825087571
-121.57386440462177
64.64455541771227
124.25714065903847
38.98133751371125
2225.339734408692
-125.12189392442575
126.56925777538972
707.1059099970138
103.09865684468089
-6.8908553255562435
-33.68779675918193
-96.66343975248395
131.36933647350915
1987.6494706970032
4.745255655521712
-20.28365409830042
18.088414148349536
1379.7676261490724
2636.0682267190837
-101.21728470205692
-78.10580392164704
-115.80457402576288
519.9303910555203
1.406825871251554
219472.71563851647
-94.2577564284741
100.37994739751359
337.7919282625187
-22.522426131227856
149.87602309770458
-83.52030617154404
144.68072958276971
615.0631637954731
697.1787968096124
273.9873351299541
323.7795224959789
1474.843878317358
33.13213321991481
740.9548787320931
13.854912211914348
1078.662388201985
-130.99878895070376
-80.8817335641065
736.2813966977942
-92.11434343062878
-29.492012878730236
139.02392526625167
1267.3464214129458
-141.32139347130348
-49.63941746688072
-146.65640053457375
40.17749363052178
-48.89211080895087
-57.353786457699115
323.22501852182546
71.18670411380715
-100.48018843887662
231.51917656497892
-21.491750949675616
5.23518778329526
-5.916440026691878
474.24064190688006
640.9840535931905
-74.87278744068418
-96.9002948817903
2360.4143874184592
7.439401758999066
552.2819554415247
86.59070302346757
363.2199048348009
167.89583838717192
-126.18464000937377
35.12167946689171
15.28925652724898
559.4503074353507
30.385845569003518
212.869563861158
1529.3273133403732
1174.5546414213607
453.59791011663634
Infinity
Infinity
Infinity
Infinity
Infinity
-36.90778127953675
1197.9347165193872
4138.76460210026
186.41219892475598
141.6189434146037
-31.562208866115437
19.749752441853957
-8.722653493974398
695.535451028956
158.19996726632485
-85.34013284505806
-44.86428696351874
130.04414888900374
-128.47874833190613
601.7136154890734
1202.5713573441649
48.69964856655801
-86.4752996124909
51.470729527332495
-21.72982689655886
592.3221455082194
-78.86703989205702
693.4521621643387
-91.61700468734148
9140.631626702847
-105.78089978054459
641.8935144468705
-59.39235043545474
547.8595615198099
541.2606166716763
1643.7369448987108
1119.0790348813714
-23.67093237837437
361.6656861817105
-105.63132948328656
2597.643994138777
Infinity
862.8711240289418
249.27656998252468
53.40212378400179
-57.92279476618933
-36.538643822297466
343.46941347143326
352.7013305128664
1817.7434403267434
Infinity
Infinity
866.7267322870841
-36.99536139939223
-45.17413115881107
54.00681117900456
-28.2543444589499
179.96059493686369
135.43800130231702
-18.761863673192664
Infinity
30891.314724981075
-66.32724719935183
875.6145296714539
1580.8439708887788
302.86092533585105
497.98671544409615
130.63925589784796
Infinity
383.46292606678605
-120.98652924910807
691.1796364531244
1103.9901070536391
Infinity
-144.47155346494722
792.4837103508462
28.36892565488118
-36.14264081215534
-34.60537477620741
1751.970346616184
155.26910325983727
70.92522468918231
790.7951139464601
224.33831476780844
130.79410183059673
-50.20570525155271
171.9690031257001
-94.16456191463199
-76.00936721635597
14397.560030478366
-86.02266765160914
-57.12033096969693
509.4513628872422
102.4535743919507
1281.1668083431891
-144.58733537473157
44.08567114913589
199.68174087950916
93.4756244001383
734.6299677484158
88.89989909504841
-51.04263109967725
586.702145266824
-63.23748095926173
292.8239732804425
-49.377372026904084
272.71343650358176
207.93340299873825
-1.859458232357648
88.33845140476551
43.28340084621898
157.1759938189044
-54.37504719068992
469.9585930209571
-123.77164650664665
-46.44354241704711
587.6222400648614
132.54047014640506
104.95591719266633
2004.3150645087967
-29.863275361758376
-120.90380396431691
-35.00346163024152
793.4118528390848
64.83289370021053
6.710953300917718
83.58432011790694
1880.4860455002663
-77.78206943799745
231.76047509282824
1024.0901931694632
-124.63273667104114
35.40869167092003
365.6306337974359
-84.34315557709247
161.51319978373297
50.83477915696012
330.30597265406954
19.700867111350252
636.740901325451
8.216347139371326
1422.3154014334038
3850.2176120918525
536130.3920021444
381.6998767041273
-110.46118776157687
46.93539899678637
-27.578182017640785
267.92950064405125
-53.290622789945765
1738.12259836242
418.5095102182337
127.01920958425829
149.41100808296812
180.58243796067617
-68.25319921179559
-45.39945192062875
814.7196972418253
-45.387416971553975
-108.50834878113345
3096.109112959887
70625.28987301135
-60.449096826223276
152.85976139740262
800.3871660157282
-102.01966259079305
8520.829261440798
-11.76071692432825
-104.53029881945281
200.235421503249
-68.62583997319076
400.53558315457747
622.976506603778
-60.949271703909695
-48.82674604129591
-16.32185791490542
-50.178842897923
693.5322642658941
10695.605708557621
401.1389146361552
879.9081238987867
72.94463141444044
-64.56732566487794
-40.45320846840821
1888.7042024831303
108.50154377384267
1468.7746224672048
471.499919716205
-75.96983587951839
914.613409782483
17.844071379592886
1241.88998682763
454.8465504394463
-57.0811985587926
761.1108587639216
-9.944109764023926
-44.660036142245936
-58.65392686417585
151.94570490464645
-89.24283554331046
2899.216446789283
689.170775918532
2262.9797809085967
766.7765477512986
9922.418642416838
1250.5327938583305
420.56522115580316
203.02585140238193
-88.33944835240483
4117.592146175819
-23.069029377718838
-38.05114150581509
39.2484310160442
152.21003592790933
542.2807558766224
1235.5297892297197
1164.7709500486985
636.4567409264791
63.69368337914763
-61.40657655436317
425.2664620864598
-58.922636176807416
1212.4726265004044
-72.0803170539054
-70.22738382339321
-65.23972020851518
20.233960027995444
125.48691133738515
167926.26601709804
-87.66147436297908
995.2878238001742
-37.55330460956084
1841.7800615760393
-8.922625272982698
121.77416347804484
1960.8974006975575
5890.180538854833
228.23060054778642
104.6935192045575
1544.1107831366096
111.33048581945704
601.713543155117
1821.7038977384452
-51.86025276496555
2023.0542720618616
2081.830177390232
92.02698003757507
268.03117490478854
1047.7218649907668
77.34661054022385
946.8190562771124
654.9047575649205
250.77006333171687
-33.03695235157389
-48.69783019497765
-75.10029077595902
Infinity
Infinity
-1.406490487361161
Infinity
Infinity
Infinity
-16.2392437042326
267.8035087416332
-6.569524091280274
-105.90843463984612
920.190213634691
41969.23458439917
13.120479447349346
-28.22503589238224
5674.834848064311
-61.23402686703711
235.97702948354714
417.9208424291892
414.89057379448707
50.91733681091389
1738.670849624776
-70.26894309247953
228.73810336615685
-45.777028842122746
-46.167659090862685
-2.3108426572249234
-49.83401698710086
103.44983128413803
225.72567905758854
63.36284759900829
0.5681446089099507
-10.551914228242724
-51.30944976219955
-153.23877009593542
747.16067651169
760.6774278025274
-57.94514648033411
-73.51489123005027
3680.9973213808616
-101.24550654060043
-44.49461484666456
-0.04814376041727275
412.00348177636556
-87.33374727642759
226.58000065147198
100.19998624660786
95.05389156060349
-89.12312792036428
125.40208355079778
-57.93486129940764
-20.24502127009994
-87.00589008623572
303.04782006451654
2369.854094593998
67.5411068079309
63694.045703894204
-24.223739252763927
-54.78880544541809
-38.27974251596203
279.45086179965153
1868.90372414581
20.115913460408358
-51.56869357340164
26274.620346345546
-10.951334477453969
-86.16560991196275
-37.65076954867841
175.20201197845034
-36.06725014500443
1328.812905391715
2922.0602971675617
175.36021300576772
2.8075053221044115
498.6246045864815
108.87331292297873
-68.44365953467324
171.3508781087662
2749.826042859785
29.2677158943854
28.31737148532673
-29.83360794307282
58.62148094742608
34.70278230016682
472.5211706864961
-100.81246079575044
1803.7364982391384
-135.20389771267008
2534.7183614847977
136.76700111807426
2214.865733015109
-27.50650608079061
46.625446265381186
67.24460468353321
Infinity
Infinity
580.8008644786721
Infinity
Infinity
-50.99133341130488
336.7348994661202
105.12433451522716
2551.8094432109747
-40.34752617206377
-48.24223620869493
116.53392941733989
685.9558523893743
380.77281208426683
-19.466661773858434
1120.2754011399243
73.58929926397138
1325.0193773889753
-0.28137185440171797
-113.42581369070265
-114.72577854840388
319.16563309429415
6442.006445451462
250.50046639432446
186.5202848320469
-125.26064338850732
-56.47442475141446
-34.66335618672931
-16.250813747632282
670.3497444169914
931.1972382423622
28.40337476163299
-145.34840321297557
-74.13274889897063
111.95813248724563
1277.0545261735099
2386.7208723995595
-42.53239681217651
-30.325156691178304
3944.856505605305
2375.3415105756867
-67.23630183289087
61.620213659143445
-104.06665969692953
843.7611306226011
308.60123326285833
1326.2566899170668
888.3333039777968
537922.5616894596
527356.3627106819
610.3916442401363
237.64071657050602
799.9437129449423
-74.93419957855431
-31.780126325888652
735.6874173839984
-100.4589702892806
325.27645849225524
758.4488679025301
5115.0289173858155
368.00569094226364
-57.2992949249448
530.4066683982983
562.8434592480099
595.2604869932117
244.454635530505
171.60554664939906
124.26286603381153
199.1650874033383
Infinity
970.2804792516132
113.18743648533095
Infinity
Infinity
1382.7741853356172
9304.415653748514
-56.238167473018976
108.81479874029736
2017.7022634342052
-23.051846512381246
415.27865182427314
108919.28223447103
-67.41517771604327
227.59145033548137
15.687434381860779
Infinity
-28.08572400933367
Infinity
395.3331905870827
114.6408529339381
-64.40745071213482
1202.000224297713
-125.12106653625767
424.88419268108004
195.38176075889282
687.2686582794205
554.0430585125343
1003.0219946586842
-44.77031778459042
87.53535366401167
11.126946264991389
-74.37532145020414
1168.1366093641136
-14.505631525581432
288.25878056377576
256.5617797283721
-32.76035983660922
87.65701308859288
-28.941374574490915
2.7600224539278404
-74.64562194631756
165.43944671431154
-92.39387781493593
352.0014521007352
11.337337289693897
721.7787053139186
191.27614388823704
-12.393111431953352
40.31892906564342
365.8328778006912
20.006552907561748
3871.5556657831526
-33.068844939823634
-128.9660796971945
-95.54238263708153
28.381872956810998
-31.916039903098735
71.56146739190083
558.9807899965457
29.165133874718244
94.05142526922063
-32.90050845553917
80.05926845699554
-63.96407193519221
1094.4000636902165
36.42057915121982
509.6416822755226
-121.53481146098545
11002.50131613922
830.2808680639052
-52.85935741114538
500.29383196187234
-8.674687012573198
11.6199954766852
-115.3103300369676
-111.15808480477858
-86.51932069573053
-7.962769102101807
4388.4117069433205
-40.32455277556612
-5.93045605072659
-17.938726287088713
85.0974237251858
-61.81049862591605
417.74951216850565
32.4432711419177
-20.563385805245794
112.43172023169161
525.0439430837818
217.73337638888287
138.96585574822612
2338.187399957203
168.4639682425883
1033.8577769242363
1.7775244365070288
30.104065334629517
95.55965724014222
-18.25301390032402
-59.850759032004035
928.417340184245
132.62408672884072
-20.814933622418692
997.5697640546703
264.53182528646306
-89.6954359011193
-28.82051986646751
-51.018744165231645
27.519973429600718
307.7987455997304
1514.1730356099076
154.8334547766081
-106.71092114472663
96.23419249954522
187.5254418927391
261.08280081134734
363.7186681585248
-47.76800220791956
245.6709022835154
22.602263538119345
156.33716077378423
621.6613881311407
-45.624214065488935
81.18137284120195
-13.388929672605425
245.43438671053082
169.37278594459897
326.5875115285881
31533.592457129478
4286.724070239904
-34.040245415440104
1436.854099454707
37.10768181927164
-98.69328284931565
283.33846940404396
-4.419216531360807
-51.59836764554513
584.0670579489432
591.7639514906634
57.55192678801573
1386.304612857064
6.678424439955845
1120.18589797459
123.13360004511092
-43.950014471997385
-57.17334229915327
-76.68156494805359
618.7108440707142
-42.49873365271016
94.41523869988609
-129.65581511373765
7719.213606189914
69.65152781661489
3256.1059547807185
-112.33398200980872
1770.180525138099
284.5562831360035
53.001946560012
-69.88954961964909
-127.49900251330925
124.22401524425379
5600.875408818962
747.7791407700645
-1.129359324062344
34.219400504801484
-62.725165892294896
868.2609092818778
-28.9857914414317
-79.47388501112968
-78.51376176761363
50.33246695713703
204.0895081839232
-64.15334342004375
-27.6364031871409
1062.6684182542876
184.05014646389918
71.1566606800668
20.594169383019874
55.017958862564754
172.02955983880221
732.9152843774565
119.54438143502561
9507.3166655734
2503.4095010764527
117.78369115830856
675.5295101598849
-90.44347015548998
-9.776743998362226
71138.43346399367
156.90843668839037
257.73734461229316
-74.59898557438004
-7.0844413238608945
289.8163342466881
-63.16687510953772
-13.198322755679706
369.10361510928925
236.60423041772694
140.04855850666684
317.22791841584194
2163.1429500363206
860.8791884288777
6984.505796089028
-26.668341485706858
38.63333768016043
401.85544663771213
418.6443812375058
-101.59665439873643
670.699899108845
370.60737136709224
8.71508817417069
-9.600340847912175
87.8764795849179
-120.01755926715533
353.5277917777221
1246.8221053024004
664.8232409324601
-41.81306075598101
22845.70761839146
6.6047622661866265
10.179107930929783
48.43371495496884
515.3508479730481
132.24539094290202
-10.298069217456469
-19.90651511928002
-35.34643576766221
744.0335363095801
275.09410975291706
670.2247471101199
468.08307995897366
109.91404489299617
8532.495769708836
-61.220724898129966
1370.4624575653313
3686.4987275901062
55.760156599800446
26.76097746272398
208.03186827318564
46.3217191807163
195.97032631089837
-70.14205190030198
-44.12197106223468
183.926795293465
-78.4071531659485
358.16929590987877
-53.540377626309834
51.70787683935324
1868.6553021663817
1228.5530869380189
567.5455413604521
-51.82932635226595
-46.15033196200992
50.75724747072588
943.3110287576261
1465.68782860994
-39.038213836531845
76.31779020437081
211.88706871799675
391.02843785630654
297.227003646943
-123.4891486707601
-33.863514432830705
32.87539495381445
245.80944373001455
-17.024326122507233
-20.23365927075006
94.44253465586162
-32.17223322276204
60.018233953834645
3009.4092620028914
-81.71436665349668
119.78378774394449
Infinity
Infinity
Infinity
Infinity
Infinity
-48.867631057326356
243.88155516442717
-65.51389271616078
-50.25268976676812
90.28343625560308
610.4966822998418
-50.47261239440454
-88.76883029421133
1756.2742481630012
-155.49256521076484
-70.40828022125001
-102.5468685912577
89.08622385082779
-43.64854595873712
259.61773466133064
810.181476886913
23378.78697856028
1331.712601827111
273.6300893761753
634.7916766026034
-132.00711070243003
-106.99615771710107
-39.343782305698426
235.32114197996322
-98.74732507170755
-73.04889221668864
136.84351733394988
1944.5649432829712
141.31854021133333
-45.23620701715617
-155.60116562198917
210.64326732975084
77.3670699955152
646.7362133918348
364.2127727823814
1006.729825181942
98.10074710711002
-152.83441525852078
-122.32614617135988
312.72108573031505
168.5672887762769
17.5210364039876
-53.27490417457899
-53.1784259137507
-55.65125117111394
-81.52811956634442
-55.953864521526434
15.00774725428477
207.58727931533025
1358.204064508818
-69.39667056690791
-28.91331588579052
7729.179001452499
-2.385708168309889
