30.537310402709373
-141.6578454496745
499.7478052816638
-84.42293919990674
-71.82006368076486
-132.33768031342635
-65.79852641100148
-89.32477963337378
-56.564516895428866
-83.84716873287043
-66.66617712360924
-78.49523015402961
-96.61862932151503
52.320698269847625
-107.47968114760454
-105.05124030549436
-98.0725970887593
111.61624297133636
-84.2742476667426
-94.25560402452538
-104.60823975244352
-177.81713366850317
-60.15903371000379
112.70028579480152
86.02206860849068
-89.4279711150048
0.15564674338622786
-110.58766843465271
-113.39546303959145
471.6037049977839
-93.29995339589809
-47.36086851395621
-30.19830249308358
99.5482182487275
-135.00486466401682
-21.52134792783578
-80.26385505848506
1164.9689332202297
-97.38643290468822
-42.0218982142421
223.4038673300765
96.8639719006487
-2.952477646767908
-125.39094276379794
-43.17256267746465
-178.79591989773485
-67.19551987341444
-126.96968832693848
-76.70244390950147
-47.397599470196766
-103.60620347643251
-104.59262403304287
-83.38622333663672
-52.88742085353201
-78.6402996155499
-135.72321261758756
-66.17195953269514
-65.88766390579
-40.773087373647115
-93.81692605436267
-59.351941188161774
-7.425986381276298
-79.65054192357749
26.0899304385085
234.7480962582727
-67.12457010146348
-94.91558120326107
-125.16239345304587
9.326621903443524
-15.647740226273548
-32.39347445624656
-160.4796414971037
-51.15844491655835
-2.1987698562622917
839.4364396734043
-71.2425890549231
-54.13539426675402
-50.86001323562125
-143.576487994479
122.94166814543752
691.671199313106
4.271447182233318
131.110400843226
412.33199730779677
75.47171851217055
-91.57342410322649
-57.034203501388475
-66.76934009133899
-152.99864676799598
-58.73820846139113
-157.67015841822797
-51.31853444221399
48.846909978597964
-37.21053419287683
-97.29811382860859
-78.63196192092038
-82.991191256572
-126.50868288580631
10.992977404545776
-146.47780337880596
-42.76205426083768
1160.1410296697634
-9.23285365845165
-131.6167348666351
420.1994196690915
-65.54664459974236
-48.590423825029916
-121.33479650196506
-51.60545448128557
52.63195034100144
-46.08010514117631
-123.51995795824409
781.826015224376
-69.61204411316304
151.83035200352586
-27.941616810844007
-96.85958790136947
-89.9709364682658
-106.03898247732047
-69.25994449729436
133.9899747596546
-73.72352454780363
-109.88403416598416
-121.73432760745598
-25.075867157791205
-55.73485928492065
-126.97486346512774
-90.51761353148103
-144.4248628647849
-106.89450810116342
-24.81563751323229
-60.62026281943601
-138.87554302355744
-188.43853728507867
-6.295873246168371
-60.66434482983465
112.44577322237383
-126.5282134525635
-24.032077257544692
-114.3433175619654
-147.54411021687082
-127.51762781816474
-99.79010942093629
-64.16338573486854
127.29475141563593
-116.12613630853379
-120.24980508663656
288.113223849267
-61.223233401488535
-46.32577124141535
-59.908462411752446
127.04687394832725
684.2351501167119
26.968118107423297
113.87354658950844
-161.07085177866824
-61.17417557640117
-110.94672913923966
-112.93730735501593
-112.53280262341173
37.69646799864389
-122.34052677395181
-0.6737588894780866
-97.75310392062464
-126.4977625940883
-48.28106187203184
297.6255757167125
46.62836968826881
-103.36283637236093
679.8877597326699
-172.3699918708936
-163.1106307313425
-131.39958750828634
-59.633985885213704
-49.405825901826276
-94.77706558211666
-131.68889372709637
-69.40514534246759
-62.07894841104837
-126.87363645935042
-223.6113213063386
-108.45199517040881
-79.20734930730241
1047.6865033394379
-43.11705614885116
66.67810374818316
-49.50934565782543
71.8685837337505
-198.0977072779497
-32.13966856879871
281.74755476347997
-44.86003824964521
-66.71835255854685
-218.45817044740093
-12.255937774775758
-110.07420467867861
-81.38540602764336
-135.86877560391684
-117.73965832079374
784.0878479281045
16.754342491374945
-93.81437907287682
-30.523976119731515
-117.88696029440565
-134.1012793796855
-28.524042238045393
-23.924119932611486
-100.4226795744732
-33.76140577915764
-67.46564913072815
-81.65204796970008
-78.46056356218548
-52.51194512546212
-58.2025797055357
831.5488353959964
-44.675958388648084
-64.64570739160584
-95.23229991872923
-93.28540580028042
75.1427814856914
-35.08230276825624
-28.803348693014293
-83.91358205340225
-92.21032795807216
-155.78710236324156
-109.13249458884299
-75.36325737126649
-172.33679300358682
177.90272792260038
-100.38964666733169
186.93766402830278
-93.5289440020009
-112.88701800762573
-81.71613070142499
-112.40405882522555
100.3774385547499
662.9343975534733
-90.9064984131217
-130.90173915969527
-114.13714978314692
-119.51803642342554
142.8921775999391
-39.65382939509473
-177.5773605389161
-6.8370606744357705
-57.86024866384459
100.25421596645022
99.05266659580793
-90.84751962181356
-170.29686161252454
-31.192718241411633
-149.05778344596607
684.0836764981519
-138.88368523876997
-127.70261283754357
-5.792887580856892
-163.8711712104734
-45.62795504860115
-102.00535784094028
104.92124273245912
10.29286489764634
4353.074658560477
-55.12010445262268
-92.36563907436758
-35.347174210159984
-79.74536825880456
-140.12029522967296
-193.82489111109606
-124.39328261930531
-64.33819176159727
-83.4867202715636
178.65799948590012
570.4127148327256
-113.78778484851985
-76.7112527891811
496.66427984231575
586.7104352133615
-97.38121889829421
-94.69108141227716
-57.130837419449506
-61.68788194856812
-100.04119246468625
-131.6954917684991
-53.41203466414277
-122.73663896215653
1465.7679392193431
-72.62809596756132
-43.96472384807082
-84.63173026202476
189.41101529379407
-103.6919008815303
66.13604913133578
-63.392649618668315
199.14817628426283
-94.25102984328065
-104.50858010224445
-104.13311086468558
-105.85894142177375
-67.63967397507606
-152.21499748583912
-47.22810695778451
-110.72797457565858
-209.2498958067923
-67.61446412216807
-82.38567132040932
-116.25974523964912
-70.51898181745182
-10.471513329014385
-114.96277655515043
-31.083303653211427
25.326206235443845
-109.39477378816541
128.36966317977678
2913.697357481796
-73.78462097006786
-128.22919040185724
-60.177981595585585
-73.8051824831562
-77.4274765908123
-40.982196905202315
-130.02396870372823
40.88886171186833
7.661329837488278
-208.14108090598455
-100.04743116261687
-6.323360413907065
-74.15717623848225
-11.94128801969431
-103.42399335379613
-116.28337433730742
-62.514849196923
254.1076498940217
-100.81096635312846
-39.84354756006367
-92.85465333028947
447.9088950177044
-145.4290123023658
-91.97915765646783
-81.77104687893804
-55.34896057367085
-122.84878755281544
-132.3676865287448
72.39265547118487
-8.660485378206392
-112.17433510159233
5360.444610584944
90.80852281706105
-107.94442111026235
-174.59171172456763
-83.42809448631029
-136.10366300647485
-103.01317878597533
37.840796564400904
5011.282803312853
-7.292409810361041
-96.47548920901001
0.3818216362298182
-55.69106545519026
-97.5431838184187
-91.38870835991119
-68.82486905244824
-69.85389482748892
11.687403039730624
-28.469336975997663
-76.9583632390653
-102.61417377198184
-68.14696397751331
-156.854028500273
-70.28523278572453
22721.873048784684
14.637416897865112
-181.94628486193042
221.6858916426431
-65.81072911929091
-93.63326733369328
-150.06833374080324
-41.338209833949094
-71.92074745931805
-134.2800344259886
-180.31118162280507
-175.4512966830694
-10.509291537242165
-60.12110066765942
-109.69167526849415
-130.9189107879926
-46.3460615484287
-84.20379224768783
54.67580822817967
-143.5792131822825
-122.95561258370424
58.816822266122244
105.33000436291753
-65.7537505205381
-50.2157360067528
-86.90246232217923
574.928167421529
510.3923107293809
-121.6205941809626
-81.04253906947747
-65.77118418235327
430.5365747086069
-100.20377266542677
-99.23558266413266
-31.25703881961098
-64.53828407562455
-69.64150096395251
-87.9902584530108
-99.54387777416481
152.96709782564648
2984.7486781571974
-64.62939545533817
118.17118166587258
-20.606851172778587
-85.0298785621932
37.42434231301875
-71.00969912532005
20.65925308114818
-85.17426952860093
-114.29248520744483
-79.67071367661305
-148.48675482980573
-61.16128652829258
-58.215320308785365
4.814516796539326
137.19651445805312
-137.85683782720054
-148.49906795680863
73.02077437127065
-157.732970510045
-94.09980742933244
-94.16555697696779
-157.05876041785456
-115.18969837725645
-50.78762598843267
100.14994101910985
-63.48793611029512
-39.48973860582862
-63.44257843619008
111468.76591376401
-36.50530872816342
-171.19758229973579
-68.37151632392525
-70.6101711446322
-63.21454798899645
-110.08911650604084
