-116.31167029573493
-100.04183784729842
-62.204495900009604
-69.05666164462134
-79.76951352599951
535.3018187874239
-52.7614213535163
-74.67101549658418
128.8102680054775
9.657222087878065
-67.7604938459116
-115.60033143208545
-104.13631784198711
-97.95414403258407
-112.88937679412494
-76.7849255322408
-61.78926795885891
-75.99472432816455
-100.08381432188611
158.05475398513596
-99.72711821633577
139.1678200314461
257.8847670172413
-57.80773166016613
-77.83603370611236
452.44086761723713
-97.25958381637125
-56.45712055591642
-60.19522593815178
-126.05002110390677
70.4331017308585
-67.3704222835449
-7.51699787248086
-83.74882182153979
-94.0950613916448
-67.52181075427967
-32.57148999349619
-90.1171015687771
-75.23508661535433
-49.84037296063019
-36.083342993151646
-36.13653036673236
-23.920963326314087
-60.96426837364062
-27.537388218220716
-36.121180657085276
-76.1547680688413
196.59348766509376
-77.08152343355768
-78.90829164396183
-39.86193783814487
420.44547320370003
-62.158108110948
-8.381684772493593
-72.0119079448446
-84.47748304953342
-41.36628690692878
-68.4232436741134
-116.30466241161136
-112.52034229028676
2084.7959069121594
298.75940962317
-31.953417751684864
-56.07689351896267
-54.403914682399936
224.3072303597491
20.154352934186427
-14.042434722288702
-93.080983063816
-102.13661357507078
-53.073865376803646
-80.77847503537286
-21.24619494880593
-60.287095962975044
-100.97199306652348
-77.65060018672122
-28.465111834436797
-49.18073923813762
-148.61868945117934
129.9531531403546
559.4030028900446
-76.79765794535795
-53.461156303052846
-62.110406659236695
-25.084923982822726
-136.2016341852123
-94.81979908019294
-110.35449410242137
-100.9732379925161
-118.15924616338108
60.94975464212991
-41.79680101343106
-12.834998470804756
254.11777517291043
-25.432469657221894
-73.22193329298717
-109.64246673861766
-68.47903661215608
210.55368735065704
-15.387876582894085
-97.64363904595542
-6.280472795922665
-78.93916794258554
-61.170009081863995
189.00656505701653
452.5422265032986
960.2028450488987
-0.5670808625566899
-52.939817539687176
-89.82602072235525
-19.642424638103915
-132.3331511196696
-61.5569420964355
-68.55133441587311
-83.07414783639135
-80.93453377939132
-100.2021095366226
-119.77947602678111
-75.38355077750657
-91.89749747265489
-66.19023528690722
-78.78809479454331
-108.69086264338915
-22.824843192520248
-56.00447810376071
-23.073688924459415
-28.392718081595334
-184.8994229893781
8.287171214066877
-55.61798677038235
-67.94444926720163
-121.13983618055721
-90.42522717031731
-60.50853367820615
-63.06456294376907
-43.2387650085917
-76.24363947646398
-66.55536320180418
-84.19913160695396
-51.88048831969048
-147.29606695813035
-68.01967947816665
-104.0660817405198
-82.41675170187446
-46.794368879116924
178.55326367651725
-77.98662654747321
247.51796911089627
-79.41297048780454
-103.08447717316113
-114.58457871307776
-99.56160741917415
193.95152599933846
-121.79082428908583
-44.403056493935225
-54.08750064837848
-48.98485143127945
-74.65183444384937
-38.37308192359108
-98.86119557055785
47.90283223807733
-78.76961814602497
-112.57337797569883
-100.64225179664861
-75.13652778464169
-65.88453378381271
747.3221018272079
282.5312134893307
56.105044579261794
-61.470429223974094
18.982772299556945
119.62766947252861
7590.12027045911
-106.93147316799755
227.77352646976377
-13.697818188849045
-120.05014567850581
394.5304924535566
-45.744001347291736
-77.05886109883747
-77.55025721546802
107.70505650836485
-56.17926880701591
-41.731745861085585
-134.0987478613415
-59.00877332288621
-41.458829475281185
9.372616998565222
-23.47553723526644
-36.24474981080012
-52.603466956987354
217.16382055230847
-89.25455105773922
-81.81009057319413
-25.18967082658687
-141.68333014769357
32.59201765202472
-71.38655625119718
-56.671490189303775
-133.36837682086778
-96.77136854289762
-25.847177953435462
-99.69047865385161
-37.79926685092935
-83.94873345909504
51.8295968958528
-60.17114599745868
-29.130536363347282
-56.332755243742376
-57.935261221763724
-124.17442613918732
313.8580932437526
-49.36296948760592
-89.27923036338419
-81.03429548154979
-63.13847602744827
1313.8865939311734
-51.03546220721738
-68.29937820974443
-63.85488234126067
-47.44871109231128
-73.06444251331794
-84.66785477088135
129.67323430013815
-79.50356422705066
-53.744513728121476
911.311051026092
-71.89135317647661
-62.90471912752902
-152.2248773664103
-79.04810980091992
-49.148098533126856
-164.5217995335233
10.584956326533106
-86.66107186887274
-75.3314217038374
-61.058016320734495
-108.76094158655594
-78.15670620777611
-104.24810679342986
-73.81938682586022
-86.39694519172573
-81.33951624982421
-36.45091843656374
-64.84263048263976
-88.82048338566689
-102.88447979520828
-161.11271929058714
-89.33972888920435
-112.66960506786627
-69.93682463498872
-33.54342581852287
-66.44008462196787
-89.9289246237581
-68.71350570589375
-48.9492375261924
508.914662168145
282.72153059196035
161.56722308458137
-116.17223888707427
-38.1372746161437
-84.948084004807
-76.63221308221954
-80.15685160375244
-82.291473404626
-44.26840537873445
-130.2213619955562
-43.52123891784899
2.1789836335708124
795.2155855686286
-66.10444502530231
-37.518082653891064
-42.450784610765645
-65.89934250511544
-26.796070420507647
-68.16479630164052
-35.31827883841864
75292.3997612397
391.7412422688349
-96.93282759104994
-64.75824334226093
-93.15286736860541
-63.80269723445993
-60.37279582142939
-64.46567995041242
-42.75098747249467
148.04161917492343
-43.589384341360784
-47.20914236318408
-31.227667905894286
-89.63725935199166
-136.30657672227233
-50.41795130809577
164.84018503951415
-103.22628706534098
-57.693530079392126
-50.65360028216112
-54.570770609436984
-74.95220635277238
-45.60896137121241
406.97363603074893
282.2154790143591
-149.9992294725853
-60.80465048136014
23.550982595296908
-50.72856772765193
-74.3185404950101
-71.74489300435059
263.17302965446237
-100.04707980461995
-60.22676174098963
-58.11705283039957
-11.562872514845004
-59.998012114525444
-64.567975060547
-121.1244932224953
-160.0455402478448
-28.43335079928915
-102.66565676447759
132.29111842060726
-34.254142669816
-105.73685307179895
-16.284503977136445
-80.11430233343799
-107.44031580035191
257.8898193532025
-68.2456162250928
-91.00849291320857
197.65679017039878
-97.11415459272386
-109.72235241753896
-56.74882804756308
-68.36653137519143
-86.18541431721653
374.42878917680173
-65.25979183054906
-56.94524444733323
-27.09780573901468
-124.94697761131809
-118.65754766923168
-120.04860264982631
2.9948464069340175
-38.24184391438695
-33.27444712616671
74.36719957565084
-120.09953078224984
175.14275166560182
-62.46649257381745
-67.62835444492458
141.67179360809683
84.28904723716623
-35.12318413894413
-56.29909514463587
-50.20029588788166
8.760467272476955
-89.5342341730924
-111.1289549338997
-51.297476525804065
-80.24313954267299
456.21242581609334
1114.0960537940584
-37.83585950327747
-109.20348962488815
-63.72525026571436
-13.918117621556384
-102.85565990027779
-36.115933138077985
-120.9397453128978
-65.50471908897062
-55.76898547770032
-109.94431330753193
143.60485834963058
-114.22336416391136
-98.17387824598062
87.31733665441324
-65.9314655191084
-39.86555181596204
-6.7825151905688195
-102.76481783480297
-17.130387882832892
-71.85139145661861
-114.47551011133527
-53.142179273446715
3.9712862096063364
186.183308711251
-88.88681490717818
-71.28831774188812
-81.92563608598456
-52.2262087106439
11.430602076902312
151.4631033425402
120.03227945633027
2.536944466236371
-147.18066002331645
4.316005058493411
-99.82950522456471
3.632864024931876
-46.604787005456636
155.4036307666646
35.003860061875905
-68.01797983999444
195.4014169318915
-74.66120597401513
-52.8867585212977
-75.89737635634562
-68.26081904560408
127.36245096283602
-81.74032274888332
-104.44369337091315
-90.61255727380053
-68.41124049879092
-68.34208759305523
-75.95719854424989
-118.53662070229001
-72.4694563636342
-88.54399457266655
-73.98801768091288
-73.82761769418748
-85.62046986022574
36.927632797015995
-84.54609317002998
-62.69973595927853
-47.43812984585795
-86.58817932743221
-62.69900956520459
160.12664432836007
-63.98316405752246
-116.19813840786226
-98.37397982129696
53.403481707396296
-111.21545731198395
-57.930178222210955
-67.43293402837188
-45.81285224279547
-23.868566927545263
-99.105702532236
-57.27534055269279
-23.183618783807596
-95.54029765731927
247.53148829639076
-71.43146510341792
-113.95390135196351
-84.69958880796908
-40.81791592196856
-46.557655559508504
-149.31318518910612
-46.873234021156094
-48.5882135674941
-34.49023825291704
-96.15257943923037
-41.629992615214825
-100.75983909928752
657.8223344141313
-109.66942646029146
-61.79660534106237
100.15955832653164
116.60926286708194
-71.72691158986119
-70.91990360713692
-63.61358963148236
-77.68581500779149
-86.06000009584899
-38.47730332885663
-104.976552839681
-131.98193958958447
-95.97645471531133
-32.81930955717906
-5.285181471479034
-58.01479956344289
-66.99462336908019
-14.070348158339547
-41.60265629560764
199.86413793075593
1.3480969568581396
-84.63917074363145
-93.35672112298609
151.43843887529317
-89.35219149546245
-41.13451405359278
-23.048375624793536
-62.85363136956952
-49.80432012473259
-103.60199628478969
-64.73380339468486
-112.11564586255673
90.51481191583733
71.18102195319629
-91.06981988042165
-43.13120082295135
-37.562397681104635
-102.3777570734487
-8.84963284028736
10.025063280681968
-44.45417165050956
-84.67851070656475
-62.85702459397676
213.97394505662658
500.8736319329432
-68.862455459471
-72.46132904263179
-32.747285098488256
-103.46485762502161
-108.362072080784
-45.051737082865266
109.60432844745542
-71.69249978731419
-87.08882806077125
-77.82261469309383
-96.58185711564687
-69.4145698362165
-16.231686499345628
287.1306375152898
-147.40673226967272
-109.05650155144328
1534.5138966629013
149.0338032821771
113.16080439992332
73.70848443757868
-47.694018378642966
-68.12717688181021
1291.4934512886255
-60.71601830819116
-68.51480559718358
-0.22714901422888745
-101.21928269791891
-68.16834790561745
-81.64407770140535
-68.30280389035931
-101.61744211908784
-72.5881235213423
-110.54710117116406
-36.22073593040602
-116.8672739328648
117.79508779158805
-58.15512150221695
-90.86579928156367
-82.09492022138339
-36.687335798169535
-122.57406114385736
-49.85559534966401
-84.9325589779156
1036.4358319186042
-72.36206841737857
-20.689159899650004
-74.11780635979184
-59.61723696891971
-44.45905862655933
-68.41649595562167
-83.41054082486293
-56.014488625054305
33.6057447343637
-32.292543849830096
-116.93561968123937
-10.87688836642092
-55.51092721084045
-146.9181374136713
-100.86837996978387
-83.33744145797138
-62.344701736613
-66.6642351016752
-54.87788449061328
-50.14700697176928
-70.06732459163182
-83.99908574923514
252.00586491751278
-55.703468021434375
74.22782834228065
448.91364196554196
-46.26597088177849
206.41058725417403
276.896045994434
-78.89194595483082
-61.928447689312954
-65.46792836172344
-59.273761648059484
-40.2590944064247
25.33018537109655
-127.3561836926956
-91.2423665161388
-68.32309668106298
209.0603836752572
-122.91711569832252
-54.00967266736863
-65.03077670507534
-33.12926113251202
399.5696795931304
-66.6317062258616
-106.83355607176777
33.79728153037169
-86.33849911351805
499.3386443714255
-74.70348467955719
-102.52993813206153
-99.06511647632301
110.70733130793603
-75.57688354186458
-91.94263430851943
166.79276966347757
269.6579570353783
-40.456886040801315
-53.80142966885905
-99.99732193514461
-27.74818335313101
1398.5921701125374
-82.43748370254934
-34.319664066858024
13.798623426317905
-76.1872233897304
-102.43625923607097
-78.27762082025174
-35.3492738818522
-50.933559246282485
-43.580625598551656
-35.5228549442099
-39.69016496093835
-52.453500146807926
-111.08816404491263
438.79467163481985
-79.05590146212353
-73.92139509222997
-9.443281627503726
-112.32541692095229
-40.82327081545621
-72.6527113570808
-115.24011800863485
-38.94155614845067
-167.6987563674589
-57.57025779543881
5.142201043044707
-44.38943422440357
83.13501140872276
-32.3643923819946
10.221746535756616
-36.03111007426257
-53.578804051983994
-37.358476189565074
-102.81323458675149
25.25501521138012
141.50508080284965
-85.35191212912082
463.5953585310463
3.3064800120310878
-66.64122462718308
2587.0272870614594
-67.35944543149282
-86.44298258578472
359.6016227681103
-102.99428936902326
-111.02541737247877
-93.73694396695163
-112.45903650046903
-66.22854035544934
325.9085460514402
-77.31284976456058
-110.59401638215937
-56.12562376564185
-60.6563687850471
-84.32461198331285
-68.47850402695597
-81.52720478302159
-46.831553915985836
-52.01517032617383
-148.7119579404213
51.24559956795817
-117.38807077063898
-95.61252010044929
-82.04921521158248
-85.2494190982177
-95.02736186037457
4.8583928137872565
-26.71907273528069
-34.872772737525594
-28.631313884914565
-79.7664983252913
-53.35443525997812
421.3742019070814
46.41291619475249
-34.82995270322618
-84.21773571408953
Infinity
-80.85083614668423
-111.97279441857057
-38.33061011114059
-25.61199599541006
-26.478117592616034
-101.24810925822307
-98.45296654562243
-63.28632798877024
-66.74480697665015
-118.21815174294544
-54.79371926659585
-70.47702005304868
-103.09394606620063
-122.4691336149628
-111.46892400841409
-0.4582572037242021
Infinity
Infinity
21.072137519256092
-72.43010212636361
54.050663305581494
158.40993030942738
Infinity
Infinity
-43.69170209592807
-36.73638074409942
-42.262795765795076
-61.0521471019553
-75.72462692458419
-41.05048340808601
-76.73390227780592
-133.42531301870218
-70.57922579163042
-151.12227949826686
-55.9377332262993
-119.70155341869332
-61.4763319463221
-3.218643547848069
43.36239744909909
-8.55081939480699
-80.4584402828995
-80.67932844496788
31.994913110885086
-63.64871778464566
-135.5132562307794
-69.70542187993387
-53.76395195405031
-60.90037815928447
-43.89659072057059
-47.248605928032376
-138.83606636667002
-42.98709431105897
-61.06880675981762
-13.486961259897374
-105.25744624918686
-40.69293651382455
39.095914869757856
-33.90395430263372
-50.72201359801092
-82.46300239068661
-65.51633187140419
-116.62290795169433
20.132966966269215
-97.52332588767072
-87.64416251521781
282.43674901947105
-70.34672704377232
-18.96257264684647
-154.1811591728308
-108.05717334883803
78.10660389082858
-38.1348626636437
-38.892479383114306
382.64516080479746
-93.8136567245787
-101.00798308212103
611.0925518239138
-48.817205610541585
-82.88244312426569
-71.22206158945427
-68.11276492630518
-86.92694672671693
-72.74491021932158
-70.303563826292
-37.141850106916486
237.45078219954647
-106.75301820082095
-38.006172949306915
96.96877181902984
-13.64023945406025
407.19609496170955
-98.7966173293986
-61.08216772187463
-110.64606689167144
11.331955674051258
-83.76622367683527
-88.5468624783333
278.10507110018176
-86.26251195222852
444.74525881923887
-65.46136248532217
19.880223079125503
-85.6308397765373
-34.678656408862196
-86.54582732160077
-23.119736175127056
-37.63003539796154
-18.331676423378394
-68.97911182092417
-82.92785802248302
-68.20300188999914
-128.15099921312745
-44.097339512324446
-115.1548175167295
-59.37803922890173
-71.64697726179897
-96.86703087343226
-83.99154227588397
565.5303677946629
-69.04123447749195
-108.96582645276038
-56.573249444302355
305.1470759382543
-67.0320670602623
-70.94435205308095
-75.91916760346284
177.31063210801202
204.9411764156149
-107.49577309880507
212.3936618870646
13.424566708011584
-74.94165821413094
15.724585796932637
-126.9751943352176
-100.85958456612985
11.147561792419971
-72.54111002933054
-75.00286977632206
-106.4274537064703
-87.71320194744133
63.60378522523189
-103.11186287902171
-39.346482883143935
-31.60051110074848
-58.88695751081863
-95.0555535956134
105.95958075137021
-85.02383476479362
-79.4191676001475
-67.6706259343318
-104.16891872063815
7.130647504709651
112.34135946524508
-26.759072589136988
-139.65052933276394
-86.25612589740096
117.68789015252729
-39.47827404103766
372.5309899005536
-128.78243239048894
-43.008978346286
-79.77299015615787
-73.77416960358109
389.3096610997172
-93.89983822439955
118.75142206191762
546.9099131013687
-107.26435945449566
-63.393020868091575
-43.26002690836368
-44.08411298697912
-48.610484342903604
-66.38575233289431
-48.84310492490478
-88.33183100025295
-110.45253218158015
-59.733497963586
-90.79720241792
-34.6042660771111
-36.81782000837803
-69.52450393347074
-100.61378124853624
-44.08905520950579
-61.77122201209439
-57.262373802973094
-122.91938869478831
-67.9773721085178
-109.50634180283964
-62.31731225520693
-18.628763877998093
140.17858249462142
1.9343104815291552
-91.42262385981402
-111.74903766430458
23.621569753973944
-121.14680256409953
-97.72123712784015
-69.52730543252629
-84.66204371813078
-44.07356230485936
-120.92351695360762
-90.52748307418292
331.7187498489603
-93.2698692529291
-107.42513278294804
-33.23521236655174
47.9905948846652
95.33293113316789
-23.955823907445396
-51.15612562284462
-107.72499648551191
-117.92883100800034
-90.38138138257011
-87.32002316677806
-70.44890665258586
-139.01335407863724
-43.023418225616126
-64.10891040402662
-44.168146873678744
158.28706361724477
-38.811966376017836
47.947921531756236
-27.72891886170652
2.0732063225515813
-78.2571438675481
-64.36652760548289
-72.89115441592932
-135.4252529562042
-43.23365906477275
-58.88536849324856
-160.9220513899469
-50.67370316879505
2.293932107328596
-88.97858911973745
-24.746091059671596
2522.82079708606
-63.837007381236134
-118.75313833016565
-106.57417527865961
257.4276967765317
-39.05257311490573
-50.2089824219395
-44.415203215161235
-39.958624896650015
-31.637542807883392
-90.06286978695732
-51.32010035478914
-41.315417441835415
-16.607296748209446
-22.698992325160035
-39.18354673376137
-114.67007416546258
-4.85441525791092
-60.967682055977704
-109.64350848890005
-120.80605240374967
-36.29076032313702
-23.065855061964676
-91.0107022559662
-120.60024875302582
-109.2243996282044
-100.49393601319699
189.74630875767312
69.92778941889249
-124.48198528921074
-24.29268251626435
-68.30340816877947
-58.38039295430803
-85.0529890034709
-62.347458359346746
-86.31247765093565
-60.361401321671806
-64.89630937459907
-18.965216894910334
3.862519063504264
-96.75010365131163
-88.55492621248524
-66.03164409274837
-41.16682097453483
-93.467836554759
-44.14712333595691
-67.17378059118036
-83.27811983020135
-28.562837960395143
-64.37272597607688
-55.98667533417154
-84.76325238507215
-57.260473058587905
-122.27863589945719
-65.26754242074509
-33.94208333823903
-78.79792506168327
-23.94683439123682
-68.1799363979812
-44.232360002268244
-2.186532594713767
-54.19640173286365
-90.69122523033245
-70.78665467718493
-91.71547288633883
5.866573631688798
-128.3942399282081
-12.509969584527406
-107.75280541465071
-26.227961362801533
-69.10917320989476
-108.9039662885456
-91.67928129345347
-37.902196759326756
-134.1520340672546
-3.7359086243094346
-104.82912911384281
-78.44162465766196
-57.53274071963799
-126.91199603654574
-44.889068145653766
-66.11808190162223
-23.18005847930359
-60.31417225849827
-69.26204117445693
