-122.7286984626505
-84.11270236871253
-124.52113429956557
288.61442586912074
209.54307513007012
1051.7394190629977
-63.80167458594817
157.60687798878922
16.2646964891034
829.0166847019316
1629.750774372457
934.0440985779824
19.269080629216376
32.439164676167835
774.0824559991021
1219.4743965309428
2321.706008180087
871.0408520181147
-0.7252003209656217
876.0050333280519
9174.726518133122
-1.802990124863324
1176.9266098700407
-32.79245814584509
-48.3101171115841
532.0998582662722
Infinity
780.974909179092
1732.8871910295177
2740.5278512373784
1172.5775914125957
761.7075587144192
493.08080505405803
-48.48797344607678
1403.3154417789642
325.72169373029186
734.9946889714166
570.4097167053882
993.7183665344353
-63.32105765358574
901.375439931361
-81.27035087430133
2584.0817093727537
159.80672325558595
3548.170496725515
379.2958902565622
39.54654605508473
748.2065606151449
131099.21478104356
-45.83480444981463
3682.9316456986676
2834.6573701678667
1417.7320689977716
-92.16711677554233
149.36243011215393
-66.03553369275565
8.98651469693109
4040.6040612313072
98296.99140463708
-89.87579130480982
-21.20092496506854
17.855543555816386
1426.6074110245772
323.2377030086895
1492.7076903502568
-0.47704003963688835
206.7654811568578
6062.967384756513
54.817063733270466
3217.7286202836053
7832.688300484122
2492.6115606716
115.39127385891814
-80.5317016030645
7976.301898550248
704.7662031238845
143.13723686791784
1162.4906599924152
128.6009224886463
214.4577158286124
5.434691132741303
-27.27095684537883
7980.444162354041
840.6835934599683
211303.23781698523
172.94022237435956
197.17611056806146
-93.20667215919342
105.24412574845385
1213.2689258720884
-81.9969177001522
-55.19941529040082
-47.196533072396996
45.809694221393634
1744.7551497629447
310.3102805682088
974.8310888159872
-18.243851886435774
323.84289476227235
2669.479596855221
-59.983410601633416
1876.416400783827
1396.1615807609285
-8.141354971240515
439.4125639046406
-7.6391154854501115
-112.61370072747775
192.0052654495024
-92.95826410021415
-81.65226727987148
-74.77689495897305
780.9069261722728
200.02105294816982
805.2312832192399
-43.10921157433703
90.10519309327725
373.6546766469525
3428.8036295148218
-49.853831505205676
544.2312055912023
116.43576010969741
763.324356689629
566.4447467918494
-5.632012186817462
1006.6822160392616
-44.17112218211365
433.4841812033463
-136.60054790257246
1719.5597521547365
79.44033048121197
2017.6154500005346
11.88985638010991
32.95355679628951
-16.11795873310732
531.9795277704511
533.6454568156884
-2.8114945583261854
1292.3911800054289
16.34283025273256
5.74564556250457
3841.141363418537
-50.76889649987057
-33.03703890120286
366.8864153514881
2225.133541850283
-111.73146105808654
352.4084744175953
-107.74131252885383
-122.93818871194675
324.3578668267777
-33.461055253956104
2.3142209956135615
92.37505426589507
21.438424777766322
22517.594844438598
1992.748600407173
442.07675116020465
-54.3477735242111
-46.455398524942055
569.1187509322001
2.5276559075187937
3335.8090052763746
-143.6848790145006
470.870110127536
1699.4772363000793
197.28659346157423
-87.08990489639415
-58.616261784423486
137.84262884971542
-56.44228803349064
-13.920015141041839
9.059427272931455
20.128607960380855
-74.41294714722227
1421.3798719660308
428.5067131159666
-0.3164090242315961
-113.55359894388414
454.6760678483196
148.8641672130397
1570.0334592421789
722.923169662141
6135.4390230352365
204.7444401377826
1252.2520212979948
20.027720144518376
1324.5040423215187
14.057877553093594
127.47505718875868
239.42149590602259
1825.2192090291
-42.280642494740114
215.13397816388627
1650.3817838593147
-100.5569899326512
114.19099512466502
508.29740023902644
958.4690695915818
214.36555829005005
-38.424363743329124
4784.8839175370595
1651.5839115421477
438.62019163522217
165.53312933255813
-41.78071094943792
530.5669136996443
-50.220066004529556
355.1990490375598
108.41602697548318
1128.797101642151
-44.75430599530133
170.3358537321356
370.6614100418303
83.91128384851106
179.86776587810286
-82.68078135201708
62.43174979195874
163.99083151555786
1904.9369770625374
545.8444811428642
-134.3615856100757
1570.0966516716987
402.18615783898497
-73.72827403508387
321.02465936265486
121.99732027325497
-87.99369117265235
1004.3999746356383
-46.63388450579138
5347.199816577986
-49.52262570045667
130.72578825858437
-102.88714322246173
1270.448381634339
983.322878740708
413.6050290102419
85.31062641615993
573.0826856826524
52.71309173524179
2260.0287318150718
-81.62926671437089
563.9754682892926
396.92163149824245
1563.273155617854
2148.703170026504
1693.6241623903043
-89.89729362924211
-12.268896798896588
740.1016777615133
1263.3329513979352
496.1581612394814
6773.712311184107
139.90608743742516
4259.699281374818
140.80678690929327
2427.37675399167
16.19912928306592
766.4847408952459
17.874194695708162
-103.64513775482158
702.009781823589
324.82040849117465
-18.68052941533829
44.39111179079079
126.99217956898478
-33.067600354088896
12872.133265440067
709.4934017258616
582.8862868483
-81.81860847774301
470.22631808437
Infinity
Infinity
Infinity
Infinity
Infinity
40.283068244627415
-34.88277077642741
1222.4150100311601
5504.915836316016
523.2889382121363
149.82158944890372
2878.0250737531173
-56.209841922679175
256.7916515504772
728.609417351754
15.937486265530886
12501.586613540338
295.87108293358864
183.49685339593546
-120.74774140725111
1520.63907474673
2765.332345288627
-22.027506935924006
318.4036763391048
-156.55446462397765
-81.6333559786221
-72.30937102531517
200.00984985104748
124.99233971955792
22.687996339265247
311.7638914618386
409.4117882306952
763.04133276054
146.57041444601606
309.44767191460943
-151.0156769594653
1007.4934062440354
1251.995249798232
247.99261529016908
962.0314214618786
278.05409837050206
1472.1803854892032
244.83756571988806
1975.7381278244914
1208.7835460260385
-39.499938518305505
9520.940651948893
708.2451781412543
-60.28959889369191
868.1666642814099
1.5868225160962073
178.30060389857073
724.101467403333
-24.958422522091297
125.6738743859737
328.5065644067623
52.74779892059143
2059.8993695662607
92.27974130532402
378.3100895749802
94.69207893686159
Infinity
1889.023566933
38.60322461884599
107.19436019090664
Infinity
1615.8361725437894
-130.31372656158138
260.71686641520216
163.3976986920824
255.3705654613988
-4.449322985046496
147.17677064957437
-58.11665031797745
47.72137454983661
1294.1770814137699
690.125521748202
Infinity
606.9623969137074
-67.62040664316987
318.30672975154454
151.5095402959656
5665.74171683964
224.75788039744998
1205.45325750801
87.79666358970938
-55.31492154608918
1233.1375467389244
Infinity
224.63461693362473
2193.485830485454
239.21117481874685
Infinity
Infinity
1060.0193990471469
-151.32677604539188
-0.34791488744253485
358.80439139894185
1069.2401102187887
47.70236678672395
176.68790950789392
-58.910487728124615
32221.956213186026
927.1431806238974
465.077400506367
1007.5945525456834
55.712419908898426
318.87921321625197
11562.346779712208
6.076313447942757
1136.2819861208616
-181.43147107678038
265.6976853181292
-12.213921433625831
-160.1966724336173
343.5572426306727
411.1444148460676
87.6127686642407
346.3223041827838
-77.17190026856956
718.8450400014754
174.3526705249477
9854.648077662754
206.03274253354695
-3.7795330656029313
571.5188565797719
3.9351291966532997
76.83140859176417
1196.593849919153
-60.50180641868434
913.6538092606888
893.3514919415567
-60.00719323165503
43.54112620177685
1157.3047831061986
1594.7625081303536
171.81790924503008
-1.7845063607690843
19367.151858275356
224.1053617460263
74.29277794493917
113.26131222786493
-101.29721602479808
-56.668676071843905
1079.5673484430524
1602.06387818362
22767.65802645146
451.2256689303374
122.80830879586365
-47.51800442236136
1400.222850999031
135.91058333749572
-44.76889158682613
-31.100687691747037
26.93511703318451
2073.776366103853
68.44258606718425
-87.79308969958568
93.69592479050114
-141.95992550607218
76.70311267633431
-101.17097961174464
-33.867913730755106
-61.606795605919366
630.0482720116449
212.3525595378789
1471.9846840644489
1896.3638999626824
385.2396975245036
87.31227206156419
154.1892277133827
-74.90447308035479
190.96406088209142
127.41460544654252
137.43625880211138
3152.4857193963803
901.1931120776211
13.249341390447333
306.33707986821645
986.7410662717627
-171.8835081823172
46.62545962321423
2992.244193056232
85.08269134905181
825.0672861957987
-26.018875223157757
340.60930280215524
1061.7814755168206
293.8197584178117
145.2792860341757
153.86050711874657
141.47258264141234
105.09262536157811
108.81414877116725
64.91707975253227
-53.539572746882655
224.07658295688475
44.84634210499304
361.77116695651114
-114.24874214901811
1315.3520930852976
255.41789224327846
212.0976436237809
181.52455280676742
-24.889348949075043
-127.45447158978546
8341.880224687276
381.6573848161835
105.70939582692756
121.19213931839114
5303.371004315192
123.17672554009546
172.93893967701368
1230.6771154668595
909.2704400755987
298.4678144068677
1390.2685881834796
70.54911671534857
1316.4169027918622
422.526792517824
597.6801256534284
286.79197618360996
363.92048892760477
-9.146792524216286
-76.54553290452331
105.89375894586784
-99.0926343742755
-78.48484568201825
1049.235016023386
-41.31608153461003
-21.52417572184192
-11.297870419895538
-32.22985163815208
-77.53491972081292
173.2064387883649
95.23999451104743
136.2440740941978
620.6694387122775
244.09291810374165
-31.262177349429166
-54.063092313547834
-115.75648320456638
2811.639647945032
404.1889165007317
451.0314888528762
230.5023839447882
-83.28878514567084
13.136241024281587
202.0986636063758
651.0983104388263
-53.91116838149721
-38.634633013377865
174.8029036745891
890.3772833427424
690.2174764608204
458.2390866795966
429.78799426883876
2612.032032754887
316.3045868939661
-92.72325958136302
-21.854133855898468
316.33855303044845
32.07941021293711
494.2871724378597
1770.285406992661
-28.12527282915184
202.28814232552088
109056.90919198966
660.3947638544014
-59.24634720267336
411.8420936144185
-19.614494982331344
184.16560184264688
199.42345482218298
1336.436612659528
295.1355985274484
-48.30709034644168
48.28161044859651
95.14765927209186
219.67293936100992
96.89332019627078
2534.1237393387237
-120.04950363318066
1671.3750767118083
49.34961384808327
2503.384140075118
4361.179003320312
-129.85228335349814
5123.002256918742
-88.36502509417413
46.97792397706823
545.052500152243
955.0184498029307
Infinity
Infinity
Infinity
Infinity
Infinity
-76.08815116960163
-53.214296926604
217.2522589971001
-57.067436098709095
382.3661705239112
206.55678680689516
1566.848586358429
-156.9322808491959
-38.11975300959059
-110.79347202779286
566.7804530566248
699.6371412369897
1038.794132547569
80.2775359013569
187.0109101728557
181.10337687267705
-60.35644623718902
1161.9263657186816
-90.57619913759437
374.65312668691325
2946.7263653418618
2948.5059127536724
1017.5618343971721
640.2751488945563
849.3304814430354
661.4680103323738
636.7590305965741
1271.575219381791
1200.5893655455195
27372.843349859293
5.878114753947186
-95.37248342305425
23.492798786991862
-43.89061220118995
-1.912480528040598
481.74986376664697
759.4536779972688
406.7836367442016
-93.24693144927411
181.69293223186457
990.7778856768535
5722.660262002775
240.30269470496725
1340.381905580471
38.20997029037122
132.03433753698903
-29.784985220116166
2408.2527260566103
1091.2242564799317
58.50996392593012
1267.5264075265975
361.31602127999895
39.913958083156544
-78.42860645360449
156.26618994865063
648.6801643324563
3946.543552529224
441.4023348211184
753.9539383421717
167.72705190280993
25.32502475760053
835.1185388745877
157.71942414030036
-59.322393524401555
81.30832961926129
248.9366474381734
4604.790139508362
241.63883517371795
340.0654595558587
-150.138940139645
104.15383096673611
665.2254409914492
-40.43574642302598
-39.364571397834574
1092.3041558176851
156.30358898973432
3234.277302782835
186.32375341448568
-69.07087085507496
250.05418457257542
680.855342451614
979.4136963275137
-125.98478027550112
644.8786872534433
-49.005493392371946
443.8172566587181
770.1927678176688
1538.0184704328863
14.143594988998728
225.54328601388224
623.5684478371352
309.86819756896404
131.79455845681255
1477.712686393394
-61.74701464469827
100.88530326725979
-14.576545060398464
Infinity
Infinity
Infinity
Infinity
146629.9808701109
-82.92316080667149
166.74070603999078
5814.483036434534
-17.984933991001732
15.429263033154704
961.591649879106
48.88867552020294
4684.901391560409
41.21122703612995
3292.8168859377433
-21.450628319504442
144.1999375129013
1848.201088995687
245.2762292849608
-56.33988641421005
852.2597588072251
340.0369044924305
-153.84672372597612
-86.04623016162091
1683.422239389145
41.24839713148561
-55.47162205748962
1462.2860814811934
1098.4328607739321
59.139323877012195
3.9847586198127627
374.21559335570566
5198.723838715175
-125.57932821240567
-86.35262599106288
-23.08274859500584
813.4259378706157
-140.1546242018825
-111.6551122126291
-63.96352690091936
-39.54077678586664
652.4011981022053
-17.862551210478692
2958.177491028743
297.63998293076946
305.1626733508604
-37.149252276425365
241.92945375563698
221.36935805100336
1303.8672115477113
-27.18990474698398
106.13840279854641
-93.75487323247961
-28.44468857498051
51.43862251512286
1154.9796918927061
-53.56844066770692
2786.9409598153634
-34.96300213839674
-13.421158881962027
56.21766798057065
-39.93274789792017
855.0526739372035
423.6768311584219
-71.63381376802495
-11.929178641871182
265.18553949968805
105.58133517473361
89.23518686426647
-78.03543548685835
1405.9561405663067
300.4082156417349
1807.9883121212895
Infinity
Infinity
Infinity
241.5747706522182
316.4143903308076
345.660872061747
1923.1541508830396
238.93162873810257
245.9635787901103
1856.6127923572883
-96.55402926299288
-83.1875259195082
-60.53709950890198
1029.720258275837
-79.03064753153033
6.5936217758410525
Infinity
Infinity
433.82271933061287
140.78934100194985
-32.99373475460885
612.3224446083924
1781.7757296665295
302.89262277773474
-90.52640672335392
602.6886733372527
116.72718230190516
323.8851847868319
286.5728549866554
302.9821721220044
137183.5702422262
23.117550604057527
221.3307393626454
-57.129143566814534
45.057106063216196
645.6952901924955
-98.14071238883531
-106.15773678210219
1914.2927090966984
102.48778243799491
1397.8811780335184
-49.32817889314883
-29.195691165702048
1853.8371756858028
161.42038355756375
-48.17200352409248
462.0922057010262
-63.94607930331111
82.02813324954796
-79.29388238400583
-137.93928246276528
80.24007042730204
117.19307827773487
42.972523882567366
163.0146253227477
570.1604438505453
311.2827018430858
76.86146775077765
641.2503683226361
-122.57189689945915
690.425593408796
173.5118289144342
12.321971733941755
-181.9798333312086
311.12319650053024
1559.5268932404097
916.9807052234057
-33.878192055560056
-51.54391286346244
1000.3130784577444
-75.50481799784286
499.23694998093225
-36.445233581185164
1593.1069133228018
5.823065480790596
971.5618566305689
876.3915949944648
1548.3799346217124
118.43356647195554
318.6646382185392
-40.78655995776714
3881.3742051621207
370.5601231119699
324.23095678789224
229.31440759254693
441.4998582122793
897.0113249562014
96.85498982415751
-4.2734573151826645
988.8203180153342
542.8208429169867
-24.426778825124913
-83.7073984377378
-59.286582332449214
104.84846136332762
-116.28558800012969
1570.3215343383524
154.65123833235495
357.5892741944749
7050.436157946788
-123.07166424060517
1968.296893548727
170.75909928702228
210.23789300719557
-48.46863139084808
3255.3093516447243
449.9438642136888
-35.762786289082655
415.2194010697415
9650.610783634746
478.0933360866316
924.03349301332
2763.110887504872
41.58202812679305
26.21818268783481
-81.7350675366231
8085.919046720529
7111.5047600096605
77.34480556932772
180.95939702769004
-43.5844599716015
-44.13438780034359
-22.169163641220507
-87.02179088923718
-4.442394778169756
5175.548529478971
320.3088688718751
1744.140986837806
-92.59325958876914
58.93592435833652
-13.107846057051354
-126.62074168897685
-87.80167354867972
382.3045616720552
402.45511196108737
58.27812308757219
199.28633637040386
944.4260005683439
39.57309879025837
-44.260925920975765
52.10329947655748
3392.109469671338
367.9776864322652
10774.756425842294
867.5307493311442
2.0129824320437364
247.05251159848
-172.66730243205723
253.6484823663165
-17.418253145780714
2507.5281593051595
429.419290433118
-13.875616614746928
-77.26978893207298
84.47824078720826
114.0996214032842
1176.4178638442136
-159.09661721299733
401.7472219049077
218.32062358304248
47.64845872962832
233.11499632359877
99114.70257213397
518.4386298755095
1572.4792030259775
-83.19174092185509
671.2333692972709
441.1161623449359
161.87564611794357
-6.112631791096569
25.893847763199865
1917.7653344831
1125.1811173394983
606.2846224717642
-112.75241192821143
97.11853765247936
76.09376585721992
1222.326681580814
2632.744128526172
48.17589259278045
4860.430318480336
4237.142912861895
198.6438547874171
-87.36749409501488
362.62899327229945
1409.030952835561
182.63954728052752
-40.96718530496531
-94.5638668341216
1039.971760082851
109.6832303220153
-71.25566239236194
0.8839853777172277
160.2200602848897
28.64648740081472
115.63554808911654
-3.4013049337191674
840.5195099616432
-112.88006992289681
-101.18150553898258
1181.9238248168174
1015.3765074334782
3.6641452603120346
-67.71082649556159
1114.9327563972508
133.68002070795134
163.89076242853244
478.44582238447174
20.292942846679782
391.606191458794
27.483654030766377
152.7693161962018
607.2164706445179
Infinity
Infinity
Infinity
Infinity
Infinity
234.74416469657552
60.112066777727236
363.46959354409006
830.4230905300292
-104.75946410061766
756.0703614158297
-68.37148413503336
2041.3005390787316
90.96173417870537
-101.31263375068995
40.53415035232095
421.1578686759962
218.22162462236497
910.2518120164456
42.06017037981824
343.0863971141087
-92.24953715061056
-111.59572957403186
-29.05590919632506
4596.815608348089
424.5691397568616
-14.769662008056235
489.4518883145088
955.3303877771568
-103.09964413245682
307.832397569094
733.2790461809395
326.35739525097654
6470.829233318794
98.70420633638322
831.8286264987916
359.4520709659113
2372.655946277797
-102.11871000535167
1682.8015177045745
91.50589049737981
13.673785959556472
15.951112103584398
-21.70005575707084
410.98592284510215
-57.5826815012417
242.74617671357367
568.925396895216
