-14.577360856120624
-51.68894130510782
-115.1783102537939
-99.96502673249289
-106.04250708242107
-71.48024365886668
-73.32256276707895
104.22003122669032
-28.00517223471539
-107.00118061037986
-69.59653611666585
-126.9682031231409
112.38425262577941
66.11379884206013
-30.695026217283313
-57.746073382308225
-91.34054347343701
229.51156106685406
213.78846020166444
1289.7637937216266
-121.86223357033519
-67.12242626830911
-32.64488977578948
-35.98675267398744
-139.47259504947195
-127.39827224903469
-12.203988961253701
-68.83103826235057
-133.43125459581262
-63.22138315101596
-93.57889206347184
-104.06656737965257
96.54453686615756
-67.83357013954134
-85.69926728114824
-147.417455673399
-19.98947076744254
-80.98104372054459
-27.885318896990917
-150.58561427089165
-39.12242031216021
-118.42847393501133
-15.252193638881973
-86.78557781947694
-59.30028521491519
-165.93658159533692
-59.2994377938969
-117.35514358760645
-37.38989892554604
-32.02775588458853
-56.624975004129986
-66.08604927784461
-137.1112907056513
-63.07199568916977
-73.06804852796266
-54.04475587932355
-61.169805490813395
86.9727202918018
-50.41442864014383
-61.19382560583915
-56.24269317269562
56.439841449813606
14.728729629436277
-7.606484321479608
-50.79894060570646
400.818269352731
-116.6828614356298
64.98432161352598
5.438650200585326
-24.794641001785962
-69.75294008717044
-78.05678672335107
-135.51549371343273
-30.97907076130691
-75.58824122114926
-48.46121534374632
16.502738116317946
72.44821717547018
-89.68120120329823
-116.66899212001634
-23.15333874292871
-81.84173907322258
-91.71522225607335
-92.95831318328459
93.89203510558958
-31.54364676812668
-63.701791080954706
-94.8362431307916
-84.0727481299197
-69.2714563574141
-44.3042560948252
-38.07648564269073
-86.62864597794643
-141.56080006731972
-132.28526977198962
-48.171752623991694
-64.66554106372178
306.6586423475888
290.73808122904853
-59.50636124112766
-44.892206583564985
-107.98389914931073
-13.265415622387978
-144.9435892089701
-87.06571444397422
11525.492077373143
-3.9358578487082676
-82.05391963143549
-63.08385617710077
-91.56030141171473
-63.450959045921266
-70.42323471698785
121.41503429613294
35.52290994761828
39253.55255335862
-37.201464214181534
-94.30659577868131
-47.05125930331894
-110.66126719966951
-83.24587198038368
-99.44830050713885
-22.195310451388202
-76.92900028381844
-88.48495950961657
-98.00733447584301
601.355314622899
13.874644232435324
-10.334036571593995
-15.544046550517335
-54.98140585246415
-72.93900861289026
6.311916650570932
-64.28303519211258
-26.567854950184582
-74.42453772677527
-72.3328646987152
-94.18905513744767
-41.931852001059525
16.587323655591067
-90.28582081233044
-59.44220842605353
-108.21946152029365
-79.29332776540558
-124.43223011904156
287.4206822598966
-52.13703559214342
86.81775892492556
-46.88389003166175
-8.86802630862598
-67.50675217499752
-74.98137338923081
-33.648977457872746
-67.91422837614205
-79.13892992599632
-42.990809892540334
-79.01746621953791
-64.23762536317557
-57.424698556095294
-86.30284394552906
-24.073493502821016
-62.023174180042005
-41.66335489107142
-70.5561539198403
-78.30504744338384
-53.73068667140597
-153.3918721052319
306.33811102157176
-57.492004748751924
-52.932420597865075
-105.52880151719002
-16.14930880159144
-87.38432816118316
-9.219306498598758
2119.6789497567675
-38.24065282709105
-57.3475148797087
-29.593368869263198
237.83066014081882
230.68279723047715
-58.18365536540348
-29.70688084972402
-41.74027700316084
-71.46595116392646
253.83089416230482
-74.08012857355743
-17.052220433795277
-76.25901932080151
-69.45662438054276
173.80361010735695
-76.56429905744733
-39.536025102772214
-57.53937585717837
-53.274377815934386
-67.74469023303865
293.83119675286883
-3.5919903990680795
-73.6241087603919
-79.2074296178221
-77.9427730017266
11.342007305500669
-70.64825981721899
32.508208386463046
-45.93520028594085
564.40321144016
-69.96529752856696
-89.41185184403915
-68.03982485934216
-26.085882550038367
-103.61843096335787
-103.9121082305263
-88.3321608211532
-109.48523414492456
-43.50444736985925
-82.823077510401
-78.78356806151241
-23.949929026760437
-128.41952700071934
-64.6117420444924
-34.64876702325139
-59.06525203433923
-65.71149708599717
-50.8688996012832
-36.00766281685348
-25.600649853494
-149.49442328777627
-22.9645922046204
-79.31840364799427
-3.1565101719084723
-23.067189402671357
-101.09369276891975
-108.01308630366793
-100.316906940748
1.7088702247716845
-69.1224919455739
-91.95692039776307
-108.61378844589815
-57.13937097524953
-50.629023555674856
-41.60513951981252
-89.17966712291826
25.424664678386467
-69.63404094165915
1354.282933371934
-8.236848177021624
-81.73497825490585
-92.66779367827243
-78.90210774887926
-88.21429263138583
-44.188604629066155
-32.25442902047814
-50.09164828902556
-146.80970904310215
-57.913466609443596
-21.36996547236701
12.339102370246623
-64.44188527345428
-117.92885030880484
80.48581058811698
-62.98632008931695
-116.1674375516724
53.617460850638224
-61.16341672409492
-16.919456170458556
69.26849033909768
-82.42974745519442
40.98330758469124
-85.85849494693309
-115.26234403207098
161.5579684892368
-108.69416250808935
-33.909311843190586
-101.82348378984476
-77.96048801796185
30.806642933521637
1.5367793828064347
-58.02457133900193
-52.753101770565046
-22.68909399011239
0.630838100087324
-41.04106350649231
232.89351420865717
-45.73282688064472
-51.57384206941878
-73.66704330138033
-52.98608842516517
72.37762270681777
102.39134191244055
-94.30748008093953
-96.16783143565205
-80.29001745378669
239.21246519492374
-47.17306409003938
-38.43775460702572
-43.49875229700739
-2.342825873422413
-46.70416736602909
-96.21414790386031
-37.2549610986422
264.403436409192
-5.637493231993005
-55.59860943398223
