502.7130413674102
221.8099890350933
-49.40317208003523
-75.85442703745613
-55.7543925306298
-3.7476104389831812
-140.2387243863506
760.6571426973926
-143.05044171511065
-71.62390070438052
116.78907543772118
304.7814012670473
108.11987938610902
83.12789683328529
231.25867705382888
-26.63824180512975
568.8300399584147
-53.261286282617014
-77.46962752411946
137.91351669839563
-111.0761689695827
411.1040820708581
-133.68055331745344
-64.55944671667112
114.28758380043872
-8.016213496754585
-71.81476611365692
-17.90036357792199
115.97038019697933
0.3214377000422579
-91.45642375503695
-91.1284046653621
-155.36892536247765
-33.45685067763442
244.16996041927757
-64.55724845517749
-121.58737462449739
65.95617391660582
-88.53159657700789
373.2618704429691
134.25536200213514
-48.96174609220554
-103.24651837814028
63.654034797017665
913.185400229506
-63.78704097745431
-106.03966419065755
1644.5072389469408
-90.20621287091186
57.58957534125378
-35.97030094588781
-53.626622300437795
101.52751697607962
-62.67725651759829
6273.148327488042
-104.6383022263432
-123.1905003595283
-109.8755215137421
-116.56086820683039
1096.3796031705524
1.5077169542859516
-74.21129214371142
1.5780816153690305
65.36869181585988
901.6486821323265
-142.19279975865743
-121.0679882498468
261.1796581360923
-74.08335148914648
11.197736771660932
-97.09940078072205
-54.17260123849617
-59.241250417824034
-27.56633182856886
18.24589643733091
182.92768293970298
-41.86456491140511
-71.55674493665056
-32.656350238917625
376.91060746017826
261.8413402966787
-69.35601182565955
114.39476343717348
-48.77237175841267
-97.89242355267957
97.89401950230086
-99.48458914700242
-104.94039189343792
206.48626309484595
-59.25395529248469
-27.973492679314905
35.592242378935254
-81.13577749658896
-95.0135177823083
-143.58526168831133
17.665574477023462
48.042973455037455
-63.34883951584394
-118.41040041867859
275.3666552581165
-157.3634106735309
-24.945523618000955
-87.2046159736293
-145.82236816565785
-64.25969718075972
45.35454267247062
-5.136091377621938
194.02566678564588
-96.0995035354119
-57.99416626306877
-18.79436720729518
13.142254878036391
-77.09699500419991
-34.956370232087615
75.96102247735514
13.35774697823935
230.63831835756824
587.9603608309351
-97.30607743419576
-20.31153935126579
-63.543581943084625
240.53857571820654
-117.60852357720785
-34.62176199035704
-52.00795010539858
253.30646918361762
46.096396450885344
-79.29242255109496
210.74407471129535
2.478487066342623
-31.69959453959433
-138.27385566293063
-24.179596964635696
-24.483489393363453
-114.23043406370128
451.5976254020045
-164.606511190793
-29.87600931103413
-109.19554388874039
151.21862998379794
-99.51225559223737
35.996225687470236
-128.1616263846631
419.12028840635276
-82.47276567934284
-26.823479578773657
-139.60546555796324
-65.25650941698578
66.42895318309155
-97.18729420042393
-0.1135968826050072
-74.42446426897416
-23.500450805663498
2320.2991963298014
702.944127663776
456.5567401530851
-91.15513182509625
51.04692139799993
19.37006835104357
-0.7848732035831985
413.68877359529796
-104.08319120222428
74.44452965602173
1081.819758200537
101.34629217187735
-89.30932774194133
-83.77416403853474
27.031180953843283
58.32725921704569
-82.8888054355254
83.74291428157166
-99.28790555372676
15.95367218247133
44.275329972299986
-144.4205541157248
657.4111050120696
-66.16136592289142
-122.69110456372317
103.7711801623606
504.7476170384391
-58.845402332673444
159.8014662574368
-121.46736343456075
-82.57808632679199
108.09482390558892
-85.3677272820245
-89.73186182557882
125.88752975096988
-64.75122551908491
-114.0273005465588
-155.79822461130473
548.0469764832134
-5.793275286221049
-50.9613724594572
474.33028452576843
-72.40118115462053
25.089215442290207
992.0640785528933
5.3081507498382
-48.5218248516298
393.7770867588816
2367.612121390473
-44.62384547941169
-108.25874496921836
-65.46361430660987
-91.78146310309562
104.74334267143328
42.98563123402456
52.79422716235609
363.3539131156835
-103.18148631014893
-57.64836917369943
485.4476109074892
-27.261204187209202
185.90336132439597
1504.5864467457266
-163.9552325613619
50.070876832619724
-54.440508068806295
18.27373310548204
69.24734255005137
-87.47986631989835
167.30953591111998
111.16810400352783
-74.99735018598152
-44.8429956224203
-254.08754395451402
-116.45433814156482
-69.45021447483913
-30.46530557002021
-42.73281471825059
-105.48721922664427
-64.52164701345144
14347.443972415655
-68.1979502045849
63.031883335975444
-41.738408721711735
-113.02996085217487
-66.21925306988652
-99.72119397678387
-155.48007231012986
-53.808242199933225
-37.236205941441504
-38.35877602851356
92.2251835725211
572.5741609839556
-132.62254441619433
123.39767334420699
-33.87273695207365
-73.98197741723786
-76.99647939953682
-3.9832008003505797
-117.82901930117593
-94.99493784321345
77.89023099788567
-74.0624807694992
-67.56769570422739
50.76257448034401
1345.0690716926056
-47.130804409129915
1220.9130575342958
1640.8831787926404
19.012044838512516
41.55128170644157
45.26957193657926
377.94675975522057
136.14480454567865
-88.56040015632881
-68.504967875832
42.396854797700826
-168.68569526792422
-32.80761401648967
1.7752994232159898
47.35071985664756
-33.39518531200634
-112.39458412031082
-60.304588220432926
-48.283781899137814
41.517197074346065
177.85662680886307
254.86577757361147
-103.78088896873093
179.5128629835889
-95.26647159422042
Infinity
Infinity
Infinity
Infinity
Infinity
-0.2050215112635323
-6.994079806110189
-19.060594182213805
381.11761718447235
-78.27235480067445
42.78419256008344
61.860743986237665
-27.591930021989224
-52.11388013997681
85.85633512229339
-119.09378790765996
471.1608243159497
55.83430568661365
-159.51286228318304
76.86775727453077
-29.70887838190198
1066.9234875899765
-47.90925226905308
-80.1237031785094
-27.965247145948368
338.2621530970848
186.41214605521174
-100.03260009602567
46.113032353718076
-11.592180504278133
-1.1523710727481031
-72.41899687605762
-24.830535147200134
-37.64709599698381
47.7838386395965
-13.01893877367923
-49.19099379549715
26.599350291728115
10.795097035852754
171.63503052338248
-26.520162005754717
-29.355693230239947
188.82962942500154
-73.15299386551635
181.7859442829727
-143.2077367668304
-47.26019244473384
-56.58570897102059
-14.822091494954055
32.67703292385765
-61.40845456042154
-51.002763668577906
11.380838690706815
-65.75345769756291
5.026770929395785
-20.270778340207883
13565.729874284425
1143.656517420964
12.43484015392244
-26.11211166781406
-99.84182586887108
212.85832247527603
33.08046189197656
Infinity
Infinity
-83.64706713459752
345.6614572501725
-83.50708646520242
Infinity
Infinity
-14.680223352027639
Infinity
-85.22300914619426
-59.97522391555168
-121.31453948105474
-81.46267803724271
-60.484893889488504
10.880752522171633
-65.75516454013984
-53.00084198967387
-84.35077624805386
-9.219969887055363
563.2684077882138
681.4714927448748
-34.676322397854825
-53.426274039409996
53.273702816906784
69.74288462977768
-50.740355461965734
374.93221695606985
-102.51844311397998
-95.56565687528875
90.5540932166105
-83.90524821826939
-59.176876561748166
506.69838022306885
276.78659660252674
-77.49810713327288
-124.66996982907223
13.505333737089328
421.6482256635398
-102.39490684823835
-81.5694259253602
104.02058513546123
-30.67504652119395
-72.30065064792879
884.160732805617
108.55625335708505
-68.07008656009418
-85.50845810913748
-64.1820263739434
146.43829832773744
-89.74139598607586
377.7258054998369
5479.008020890595
-66.30752391452513
135.38682640429263
-121.27469217110463
-59.737905289007735
116.286934112118
-114.04650478996304
-47.701712071148705
288.570008525624
-49.91868034409097
-91.82241865057443
-36.12364914402758
783.4257444343174
50.8779071466819
-11.289324842345568
1646.05394437704
-72.66378700341158
-131.7705096117083
389.21503843114147
110.16749322890327
42.33609050589052
-110.11185825932624
-106.91662155410084
-135.54597245192812
79.41571536565455
296.59736761281744
-144.0322946566192
-59.97436841690904
1276.1490953256805
-11.200753820251233
7975.5052046959
76.3932590400239
-109.07285938833871
-103.02554173891454
-111.02616924703457
2094.5593174946457
600.0920105791639
141.1561097918455
-83.66430349230266
8.445381999709433
-127.71229634371906
-93.56061337939866
-32.71801759822975
213.63716034162837
-84.7751891847104
36.41269697489189
-77.46561899419778
79.10112430574812
-52.73996527887653
8.973814006197935
-137.65038495861782
-41.2326740455363
12.992505856619005
-60.87319581085787
-45.44778099021238
-55.71498557450735
68.41476721558959
360.49110726963835
83.8258303787336
-66.79142358256665
120.67896929486378
-43.532672089038186
-11.363253530290802
78.82147495084244
-50.55310684762437
-106.05398110542481
-78.56966011717252
148.73345298943215
-40.116203350368366
80.06020460576178
-27.69967410278407
-104.62038167612388
-54.90623190180034
-36.82190336198428
729.8794187207926
-83.60750046463998
219.98077268221073
-81.5799927393952
-25.78491677656525
-1.0765121603150025
Infinity
317.5853697564607
209.50943658540183
Infinity
Infinity
-16.696670206661405
-18.19929679477284
35.74177777845907
-2.6900914856639617
-28.990251566342266
-55.22461069182531
-118.45263025936045
-54.522628610593635
61.22901278918983
-59.008773446754475
191.43596183236176
30.507858045870666
631.6149070770708
-34.7698642355281
8.995757037693535
117.46567040982347
-107.9055625821448
384.16661329486533
-98.6997367273656
-94.17338306448713
-81.11031126691725
-110.00420804947446
-83.50724689706968
177.72603465633676
-74.30420865675896
468.00244307558035
-57.69790237890548
143.3397991438382
114.355445264819
-69.3936352045506
313.1036019167759
-26.144163582796914
-6.846606967574981
-2.6044499817017535
51.74390632900393
147.4001994034878
-120.60622960584045
595.6505280745899
732.7417384780559
-23.868162294707155
30.24868622173005
92.50981992062344
-36.099718483160096
147.51505495898863
37.77043672818853
121.00808759373514
916.3092422563607
55269.344897116614
264.03429267121203
-82.54570490657355
-22.715605272678943
-49.12306263199746
-67.28621969755578
-85.52657887221773
552.5900647228732
601.358551959295
177.32792792687346
-64.22016578287314
-80.117576709252
-2.1136662190755873
-34.010203403063784
-104.31378100899035
-56.61964558358636
-64.27672996231128
206.12052183651264
-104.05551104205112
-35.75873462555927
-85.79917514913906
-2.5643431298605197
-77.92257060296188
113.47343781420416
Infinity
Infinity
Infinity
-102.67904020122643
36.74172803010513
65.45873376079165
-72.97149927873829
132.2064173754485
-92.79391626438581
-118.04679656455752
67.45199924701741
-135.8287408411877
43471.36140128764
797.113131665871
-4.266010421230709
-78.32764283111506
-31.278131702514504
-86.8209342697521
392.9943783917131
319.4638975579979
-70.28094514369474
610.650695557057
-106.9128068431681
-48.34276676989996
1446.964084049662
-99.04295593483396
43398.84376448947
-41.668607905772255
-82.34092213760883
-88.51744457913816
-34.242534931753454
-49.11237845840164
-55.72815778558391
-38.82317683497541
538.2237544644742
-66.42815737950095
-141.41510053781528
-108.85536547835262
-54.51454242835244
-48.8468525900985
1654.885361729778
-78.58045119178384
-115.11027849275034
620.5493113207979
-125.23053131032722
-76.5926622854316
-90.1018712624602
-40.99407928570422
-87.46258099639165
-130.1219023163155
202.84844146984517
6.417729677941539
-14.902342902433096
118.0469451217867
-80.44848765919384
129.96843691705013
-105.53059919399165
-117.04688570223952
47.4615534356197
-10.671703358370806
-57.159486828942335
644.2526279488801
82.14323636864012
1324.7325241378035
-3.7788763636133242
-141.5643257312156
19459.641195897355
-79.1504548410335
1460.1782214941093
1.1824531392654762
215.6738381880172
-21.676824016794463
607.33694839342
-67.53069654419615
24.64861203131343
-52.175503270801414
-133.58273933284465
3417.3277052529506
-48.699435445391465
-68.67861742997854
-78.72525766269398
2054.913517855915
84.71489666009104
-46.1241589227547
-64.74914659533562
-120.99499291195275
-73.60159823985292
990.6246627379762
-114.61057156861406
4.7891721493873245
-80.46407210179085
75.4109119447099
-93.09586148377561
-63.98890982371086
-130.2432189007115
-2.163875062288728
16.879990549663336
-107.92063890678075
-35.892459797494894
74.8524725791723
31.639366301745163
241.25699326351494
1117.849888324204
-166.56687995370933
-51.03021286913988
154.5615244491365
256.80081272502133
-13.839595005629914
58.53422872344126
-114.14901308757632
318.9174153421946
5857.394319378077
190.89498953959585
525.6273209096119
114.19299855615618
355.4145445431461
-17.572470526932143
-84.5049699510885
-95.80673381077303
-5.989954341684978
1312.6136427702418
-57.040491486243646
66.8995736142344
-15.395642107400725
-67.48715417365521
26.24792257877818
-93.69419249909106
-34.85541952025954
-49.358681821947926
8.233182723333057
-83.8501979794265
-11.154424083869152
-61.69070938318908
-15.483908536752068
-58.34983886715909
-95.6512114490677
-122.97150636065942
-89.46273320800097
-46.64972488286756
-28.34050202872629
-81.87604086723461
32.39128647756564
-24.6185491187651
-164.3150131562371
-106.71640659648125
-35.87997686947452
-49.061973546745534
-31.93313440763542
33.358053169766414
-110.59196645518358
-64.97581269597396
401.5935464816391
151.6396981324779
-84.7916812774262
31.998831481428297
10.152710134871786
-96.7432640921134
-42.47344722762374
-61.268881967788666
226.93618470886003
-116.79547730951855
-80.58373114994446
82.72842999978694
218.6898827860609
-61.79872148197283
2.8162214545258877
2351.3986599422074
81.87864229164111
-133.67721888606974
56.21257377505111
-9.130420417716408
-48.717602536328606
-19.75380815778763
65.60581637597141
47.483704672824146
-129.78923004193385
121.04108951922723
-90.08519170398223
Infinity
Infinity
Infinity
Infinity
Infinity
-113.00909818457656
705.4988459515475
154.86804095793792
-96.36375886637231
178.08853487138197
-118.44803990742095
10.450936013637683
282.2587312568447
-80.42193895359641
62.47056696290772
-60.36216882223515
487.6790935659401
-86.04498038576132
-118.93564409582183
-106.16984776935283
-69.5599963519057
-18.373723181973087
-109.86272949967139
-113.67809904153283
400.2562297493029
250.89184339705236
-73.57872788555431
388.9780444123087
329.67552940409155
-20.72581286234526
299.2414189334846
-58.648475940914096
-28.62705278021074
822.5824859332179
-29.929886659546998
107.95158105964977
87.36445602247667
-81.55859849084813
-4.965064656173016
-73.9202840782825
-111.2612803342607
3.8812265789129583
-119.66215222422296
-23.695434273273513
28.844099791158637
-76.2574879263849
-62.513910667317596
355.67983590783
339.6177691242271
26.408016024047157
216.384606246445
-28.094321540281832
21.74867835301241
-11.683420806658827
134.6193674841137
-42.432955479002025
-101.90734522830554
-71.7798173508748
161.87257546554935
-110.04900412778913
153.63335098825254
-83.47035144617868
1077.4966444352115
96.43054026276405
-64.15085206321035
21606.237947809484
-72.4818621117413
697.1535921882252
-22.64641627661792
-90.20346943887796
-90.15422619583516
8.067823432524115
-73.22023182615084
-7.893546692198163
1763.0164988290971
-77.68452532484932
-57.07590693032993
157.38444245542428
-140.15988746678303
-143.93159280017002
41.032383468207314
299.50724690068716
-108.8398194098239
153.04867914592617
6.028455811300378
-21.527500934709337
-61.66290077095955
422.00395936692604
602.0346949493306
228.94170721494552
225.27913886574945
166.01668604261806
73.5341975201096
68.12413374979899
-98.44495249593734
-52.82292958818785
3.7567836650975783
-15.830280239949333
-74.53604798425847
-17.5148785246544
-157.7326658485325
-39.67417138092368
20.336368803108208
234.36613142859653
-105.08311360619228
-39.41654524631375
156.96871449313608
4379.014371325291
-75.53251172671357
245.22033076500648
-87.45368342194769
-94.1099960060618
-56.787709240770425
-28.348760060044587
-98.71949775182802
-27.2228890052967
-62.441091797641356
-0.3628061298266081
-57.63735169076683
-113.05908848854784
-49.99635270946224
402.474388638337
5.14820995688893
131.87040410329104
-33.40764729145119
557.7676135657135
-65.3266324639626
-91.52045948283079
-73.19440986051464
-82.10954540761014
-109.12167081810829
-79.36680970182897
-97.27136464031602
Infinity
Infinity
Infinity
Infinity
Infinity
25438.88294069336
-8.972620898955686
-102.68926191941371
-125.20205998215332
-69.8356830755124
686.5911323421474
-43.063478870343324
-67.3285311028999
135.5416587966302
480.86572691110865
-114.87851682904645
-43.01769549542331
-18.648116094914283
-66.47539997030724
-74.77627333609773
4611.438032337428
-11.079708240504656
2371.0931916516724
-81.82167419665569
268.29685404833634
-28.466299651044753
-67.03234738723071
-20.605662230347043
333.57915004193563
174.8231283306821
-45.98032377823021
-91.89481780524144
155.7640708597948
21.697912087901628
30.257019117916776
-43.384129753841506
-67.33133706404868
101.10465554871166
-85.45350133605797
-100.52860918052599
-91.92206988856042
-87.52348480505393
180.55537556961667
67.78104408879673
-45.507137771461586
586.3447143543177
-31.247256863494464
-17.80176416667708
-117.2284990633865
-5.717576079587767
299.0740921928461
759.6432699810116
-37.19024033273449
-24.248310890714727
-115.55664675190935
276.0000462266874
-44.882510398053654
-55.31729766776084
2.816182824143847
-58.53562323048725
96.00945592005279
-20.71924903946966
-1.9896526331622326
-110.16492669140534
-112.89776753315041
-29.111461673761667
289.98997965850697
1682.7115926993993
-59.54303018005584
30.869575543071818
-13.184635255945679
-106.82980526071353
-109.66420094208127
-67.73356407665153
164.1042097996582
-89.0414550402983
5160.87202174879
-7.237846881859537
410.4909677632878
-46.39621462064375
-97.31926474182639
-81.07822409798396
8399.605707668174
30.069898357477182
-65.08541656081428
419.69353767152705
-99.57820238915667
-47.66581234759677
-34.71713324060051
-77.1291410351821
43.4082342355829
2418.808773194102
75.51253895572063
-128.47527306118695
2408.475555877609
149.99613823027323
234.43485786170757
-39.09550610635686
-57.83340124986166
13.64935184082081
-79.54877478008905
-41.988716850380115
1032.463296317735
-85.82494817739453
149.75178756279172
-53.57537269650486
-20.405001536632682
-58.88100575456607
-3.370903102915928
-105.5123528798939
147.70256045947517
-114.56542081846561
687.7734445306182
-44.69061483220543
-117.65622216599138
112.39707763039802
243.68017604298382
213.88889236928273
209.95932851386658
21.95071784646239
-65.89441551942626
290.60683521647053
260.0789126465335
-117.22063524979976
-5.157658119001426
60.759493471235146
143.578263160029
-95.91196440944654
-86.12008921756163
-86.57149987218276
-161.64337633751427
-38.175691936177984
-45.037102209119475
785.3652118573658
-51.16258075679139
