1082.3079358471336
95.04019542348787
86.36144339744418
43.960872059810484
-33.11564145800821
-129.96057844558655
-124.03477173704889
337.9767829279154
-76.75508327593556
-123.9899610757966
-34.82158301611435
-65.05342292093762
24.0586153273074
16.73261340898012
-127.55342800592412
79.18309044750139
9.178847001709208
33.63456387696712
15.802865997149773
170.14950234200904
124.32579224998396
-61.13915349384496
667.2082868563755
-84.75539693040817
-75.48550828833623
1134.384715033477
438.5324011968419
-136.63080363874505
15.249060563431362
-0.6051109966154393
1166.1058153196038
-92.8986725950571
313.6286807843971
305.8352045634048
1209.3887538555832
175.06317837279744
21803.933745580376
-70.39317293230414
162.8232336584371
-84.78315426507096
-183.65407075153198
-139.88911431317675
3456.310056217591
215.84293064071773
1140.8835875659047
1437.562621067858
49.03402460923127
37.41725658534205
-22.008374612288883
-81.51061583600168
-200.98847600128448
687.4132327783412
711.2497246068909
-65.82794428834282
169.41202158057445
682.9143483191733
2103.599062715483
223.182736456573
337.1272216629776
-193.0568539141881
469.72894383746046
-169.55026052243386
-181.69331683148755
3240.1872041238416
94.12544655282719
3077.3681002652643
12.885762254622932
-57.38313787281834
2223.458543357021
-120.28286076347922
1737.8207928093464
-94.38587100227096
-23.288578885307025
-49.467517661242574
97.84593980550011
2531.7305171629373
1313.331042584655
-52.55180251960733
143.47900807301951
403.84636653184407
139.54278617744632
8.436267604966936
-34.53043699511327
-97.21980032648514
-13.03075491121471
52.42826221212368
201.41474448630714
15.383088762981716
750.5575855152216
57.49084581579086
63.058049306933945
-11.866456438756897
254.90749091820817
-95.09584789631823
576.3568612652275
282.55783335029633
1495.4349927750243
-109.3649190163766
-122.43086285618912
273.9877468245628
302.4713810471259
379.85232549329567
404.27876427972075
50.37818265670818
-12.688936986010916
-77.22022363574958
374.2687745448693
416.72624504898494
186.39908801303974
-102.58979943945177
-55.439451496159094
81.76032645627458
157.45715345375282
36.66529886158646
3280.6371657870704
39.91319412675263
-119.92179287088099
-191.13892232440983
360.55381519035933
-29.725760431882346
482.7471306726521
32.32759109119343
-74.0140944628816
360.28929818962655
920.4162919940466
244.46381140872117
-87.44474931870761
-160.9720649053678
354.55069339103125
0.4572502964852092
-27.977731836429278
-95.52161497712223
-82.75896132939721
-70.7735467966802
300.62019808328716
-76.41247004235689
4799.022981825588
1289.4897468871013
443.5495026665207
8.527027707191149
2758.721954314775
-61.82695216928338
-123.61113053186459
45.74125704343383
-141.23234832973816
266.9456549359725
-132.97925296646784
227.74647028591292
64.68676838027551
-50.61085619041578
-48.10350516476519
404.30260918568064
-10.32336625735952
97.02248455916894
-50.04443281448638
26486.80111578283
-49.82997676945005
-174.58098342393396
-124.17796509055582
-31.312408605462963
21.61896530597332
840.2073448196255
107.17545946615834
249.85340009538518
972.353837389522
2.8116928744177683
-44.254699360215376
160.20786854096502
47.93021935087354
62.519726873156955
2.8719303963968033
-60.61502729669425
211.11593452589722
59.178314408527655
-147.6779512611614
-118.42153269876897
-65.34477516484236
2074.683059111404
-125.69306407544086
251.5859566361147
-71.00895720842905
39.53916783944401
-99.59678863903562
377.3783301785516
174.72382555321127
-136.59395682040042
1028.3851171330537
392.8848267563309
10.780464230135454
-93.7449630391171
-63.70186553078025
1007.7406801042524
-81.80584397547507
136.7991973755827
398.65336611456024
-15.42149577190955
15.570174558651464
692.686254314431
-72.11513029783956
6570.796334832371
870.7612580849105
386.23227041291614
-89.07142284391067
240.85876616733344
857.1926935280238
785.9697403921269
-197.1373204120505
224.73312274013122
-104.84774373058696
-32.24855121835153
203.2037221389183
-149.06539163975424
-124.4248549218619
217.91860295792665
-182.9761812840389
332.0108226791724
5.3919527840156265
1702.7057938643334
4995.208132445393
-209.42030723534805
241.4989572932182
1918.4928985072531
-135.51700711800981
-51.67303381020851
164.05998330177206
24.653152268883193
761.4873346835568
-86.32162887217427
107.16999072676636
565.9332502718139
213.94424853891323
-120.97837493560576
-55.7425530817851
426.28697714230435
-168.99211890786827
871.7007928502078
263.7068358055162
212.74900636543478
-32.98735786252666
-81.30868271249304
342.11490161998313
-51.217477606262584
-79.76265297724477
1185.512730301762
40.99065736111968
-86.37070231789382
-198.72110345155926
89.7101053446405
238.3147665500358
1287.982284651331
-108.31478480552059
838.3612793412212
231.77635554766422
-67.63798563216962
-90.91795551315658
-9.32196720176289
-76.18746911520002
597.2405389109128
691.6053622055437
546.0900837348862
9.99939527653434
-84.81025989474038
88.16035884692559
-112.65919470899013
-85.48723974996851
435.49462491629885
-90.9196494635237
-57.337377560149676
752.0803027631341
74.739554655318
1.0378842045662466
1689.8677722028845
-79.7056654169815
145.1247519805462
122.69908572639787
-79.16945782663201
-160.36475149630039
-99.38193396015593
499.67048816343254
-39.63024252250701
61774.49687561191
191.79468890354502
-38.58060368500945
-155.13989469804127
180.69636180436248
-132.38067791768637
605.1626270101937
60.61009407126621
-78.29763426253712
68.26801163638834
-100.26757779454778
-101.76458335715546
-67.26035912279143
9.504481918007432
787.3231369225438
771.256550648871
1070.7817374174485
-152.608411736461
91.94885521538595
2143.5407886619546
203.15559161262667
-87.25918128561581
-28.9037456545844
298.06902405130586
-58.52534551004784
1013.2636485374303
275.5349830301578
181.02895140408174
221.71197598455745
139.18093811453133
-1.445161520466022
-99.47993494420375
245.10142287546458
55.59172184832948
-84.36180598077421
-49.25322475658678
5736.335550573091
-68.37778044084513
-61.136002166462895
-73.6772696778074
-25.768621495037387
350.47249360482266
214.6450174980704
1790.3265197303485
-110.00982628906353
-154.6823692868725
109.69370347331832
171.33065297621445
-13.02598033555229
561.8862315264522
-60.04713601226933
-106.86089097886321
-149.24474416608032
243.61400190590868
373.39471820302987
-107.92736522422523
-133.3365954290719
-65.0808459667979
210.136434687937
50.5435474717888
900.0629495763098
-39.794058889173535
2390.037025154999
655.2909940972369
-107.0992045890081
-141.56877345355312
-63.59772785033637
-5.88888034835367
-60.87698456207368
206.88148958489253
34.071155559960054
-29.850190910152033
1270.8181445468822
38.237564354055294
-91.73224111183079
386.61667296224414
-81.11882623687124
-176.9211776019548
468.0162679335721
-61.60329275184024
-126.10716290481186
9308.178236830308
84.25739099940992
197.323659017369
11339.77834734864
64.32205497217534
-6.574135192248006
63.33467304075934
-20.52573593943783
-106.25766537903212
-79.92201558357266
-23.724897539690456
2461.9663240689324
643.6474239228432
-18.832966870421952
471.66823701494826
1116.3462612376925
155.92688400703358
-36.56989561015217
233.4069957361479
-61.87455754051149
-83.08121963339168
-35.336763058137606
253.52529029046656
-82.89645349616502
-77.35488145769722
408.67806611994274
130.8550690841973
-125.74885651930892
973.0560840210613
502.39567279439274
4872.682804238429
-85.20562826609543
1239.275537818299
-74.62536636094438
1246.024411253635
922.6045312264056
613.0944261939374
27.16770015622665
-102.98137790024413
-258.5479790740913
-84.11545634978856
-43.604058076035585
347.121169504376
-147.15135484029875
203.55266209829685
667.8810078459886
36390.588321351825
-95.01398035755787
-95.71988062942428
90.30787302476139
55.944962423657486
-92.17882487451712
119.60637845584088
1841.6798921832367
3671.4155132719065
-120.09634373581139
252.90017683241774
248.28678497721893
-150.40059221987252
48.1803354487887
63.207648004251986
30.409862980293155
-90.5767071981403
644.2981867890466
-55.71529912591124
-198.85135402355226
5.530070562023767
-110.91118197698864
40.3868253910603
-101.99189506222088
127.8442104951953
33.66531645305321
-108.80225021151651
-25.43129872533132
-53.602504696729255
4387.880488113464
-149.55973582318558
339.6821175443417
685.3304773942193
-143.25439136288813
143.25342487114239
1.7118472394805804
106.42713381029331
827.9607249587714
-108.0364487700864
-45.856034932526754
-104.41952892988576
-86.19447015966351
-89.78777636468867
320.2891615744059
521.7264509546291
350.7856595518897
-128.7683355280806
-114.62438387854667
56.5705633010824
373.38917181368487
1136.201962327243
1535.3059047043357
1460.4846125308982
280.2389588274469
45.56353253462463
236.65105124655742
-163.6353514096419
-107.70774972964927
-100.48681001928992
1066.1906606823366
29.989881909360683
-42.654298946085085
-144.56166251178007
717.0154820836576
5782.049827519423
16.928455569055696
-12.478965266741419
3132.3061306471723
-79.61758675465063
148.91918904947713
-98.93765068131557
94.43821742355264
795.5149471184358
-22.017379635440854
994.4283119423463
197.95020926519467
-17.287714895132247
-76.77617500272704
226.91884228869415
103.3011190058887
-38.948161317535764
-68.86163560545549
470.2586466965116
40.899850104973396
2081.0199698687215
-119.9998499691769
368.6077906497658
-50.089325247727
463.3064039150258
-85.05350667141485
170.53182161020575
166.7388954158756
59.002816292902025
437.8198505751609
29.367404974834837
179.46733001899335
57.600510722344154
308.16276115382715
303.03105941756496
243.79888458431117
-75.0860203169656
-52.52098783093133
1683.0755384400577
44.32751953352234
180.4394826776161
-203.852316007699
308.8682283505305
-99.4727845434544
-7.714255295643101
5537.214934336249
844.8175583257384
-95.45622424460035
204.52118230837425
10756.034260309563
-77.59517152752737
4942.4590030567515
842.0309876660449
-123.06463993663435
616.3934822667952
-30.326285092073594
29.391446882024542
-126.10050293723309
-114.40964094964521
-62.01775449688581
2534.897084910782
-8.281410506680352
15.483107734246534
-29.731509923756892
278.4905169771485
165.79271176806947
-18.518120479561002
989.2176961505601
1.9595249926966298
-32.851453796121426
-57.091112856978064
-53.844351594369314
118.064093767695
435.63496556958256
-101.66874043571131
-151.79081366278717
573.2825491157081
1980.7482705545337
-89.07240326346272
-191.28741803308077
-113.76433332487461
95.15312674915677
7605.407240045082
257.2203464089845
350.5398271462558
466.6692582135381
-22.75553082614043
1194.580940050584
-166.4159395603238
214.2330453269013
21.741599381198114
-77.3748831952162
10.602257922174445
161.5828686868441
-147.73402439625963
1622.9211791511325
43.123863443228345
-81.13683140878221
1351.7780894241748
56.29339416089676
-104.54666724820511
-47.17891889609883
769.7975464324176
219.8163533348575
-43.70593811100703
-16.066657430989583
-10.681498094221084
452.90018540195166
109.86124704149474
81.95075361336337
-33.67124709998758
-29.89139997077978
-44.86968312987969
-102.80218480200028
12.76618254076404
603.7239558180161
28.12533055255505
-133.50002877692316
194.8816615728522
-42.14887879727068
558.9123169716266
3972.693764293896
-110.0936926428187
-75.51956019458589
8738.380436341662
-95.87994521505918
-69.09099816689663
575.8732417998556
3.7166128057154495
-62.18201203327113
231.69073915052974
-152.7357489437988
126.52372201252948
1692.9460075666882
784.7736378709869
101.80825392045278
230.8438223891585
216.9829016179668
280.7877346599073
-2.8464263324371433
-38.19922649185731
665.0694065116425
-7.278959542748532
14952.734780932067
-103.10972654441798
187.10480941326037
32.972540176682074
-22.868485771658246
1954.25439037034
404.58737259740474
-23.55570931696995
4856.895144772559
8.337979900834815
-91.8684282946306
-90.65572456997833
439.5106264023764
-109.19078766141357
-78.51632619777652
-97.67537279507707
-188.29020952335773
1549.7440716729302
489.67457696683897
4142.793317193925
84.54867144783219
54.44035621934683
-78.02549526876192
407.0376943866857
396396.8396228121
-44.76425933714872
81.78579634117577
-76.85690387084797
-92.792761656829
1817.6891385176175
41.999759342050865
-58.03549331366593
48.164197041687686
-58.39777343576561
904.9845493578317
-26.71198512049532
-8.52169944765411
-141.5680419595056
623.6714678899964
772.9797991050123
-4.589157734607338
1977.3655980018643
278.7903920537111
-86.79161887123325
-143.2219319858518
444.7460342523773
-152.8153075889356
11.156777108610761
-64.86602925722472
215.1028886312148
-103.64475243712518
258.82847881750996
-38.70073138719846
73.24882691901698
-186.1035278556232
-105.22872794569373
-75.87215626616663
219.23141662426318
-149.05593820908103
675.3472239985595
244.87574758012414
-112.7364678891059
102.8166484757304
-7.958382864154088
-128.63732608648704
-19.218817756322395
-31.49707075656309
454.4259326799866
-116.2628343805131
216.76744150752836
154.22207687396207
2858.010790316417
293.2025332415068
193.22430023840076
1344.1939947334486
882.9681172321665
-70.45282894433801
-67.48452066496698
-63.97249307283401
-129.13314312888068
84.59165282817006
28.41218847433326
-158.9942265047991
-84.44762094621625
-20.496339734577088
95.92353528789516
-83.2166893086733
250.12145669786244
211.0368279353726
1575.545386139234
-20.55511792658064
-44.28062906160786
98.04682705520884
66.683883145449
-130.30502723553053
69.62908273657891
1547.6986444501842
-102.92479546270829
92.865242838046
1695.2579870569677
-50.27184930566527
136.7354118494716
-34.579947300571106
62.60964093121848
71.37609584525532
-40.51269849901191
-83.64458012498139
340.1024451945866
-155.63754658370257
659.7080616185963
-150.92380744629898
112.66153918711305
Infinity
187.39880054190655
-17.384268403297096
182.82484363923638
-91.98500278335393
101.56652777933525
928.7685235422227
-106.83708907946163
-110.83515344697464
-75.29370570267048
66.74783386821458
901.4220166557164
323.37963029758276
866.0962173213227
-7.397107411380777
501.63448943607364
1802.3418408186892
-86.54483014402004
1066.9601666328233
-140.83633316313094
-101.7753004778147
94.08567262082477
-3.800792894094628
-31.695941090255637
-76.0608457259022
-82.298577777352
-97.90977010956827
689.8286861772812
-84.42955382347704
-45.34967399246789
-93.21573333047729
373.895453740947
133.48566138952643
-94.61866711437403
88.06437675093213
81.1657144367148
-29.390490704241103
-36.949819577815944
691.9957398282957
117.6785566335325
-68.9996391736769
-137.064027337493
-44.14796613960083
-86.35185503095323
217.62587000797768
1308.0825884396152
6967.50950458941
156.0904342933801
-49.22757035838479
10.28688772756964
-78.73518496219775
-77.0270497229931
-73.53929923474182
356.55763069480435
1134.7075311252995
97.07032631462835
175.84970460208567
984.6797486739389
246.69496236671404
5380.024956292786
30.933223475290244
-3.842008164957692
864.3708171721337
1434.3751616757177
-106.88645989927366
-33.68952762448546
-5.117103254652822
-90.66983453649671
185.40810140729874
1210.9854016625604
-5.1690915454927335
154.7977585074528
6.092758890196198
104.71004204018858
39.10065050331632
248.59394338869143
-27.92929383619485
97.18328519192599
-84.98243712118277
-110.59870726158348
23.760759271256887
-51.74002202442205
-96.58627434336108
602.2598415510747
-127.0661816965453
-157.97625001617106
1.188940895703847
788.9351132208151
354.77495671702417
-109.36973091965255
-63.39797803482159
-115.60180900548272
10.264018540588749
254.06067350080357
1030.3876281488606
190.78375424324327
-41.84762467222124
121.05604417716077
215.68455418565367
228.17692937207093
8044.493832167007
81.61182254681816
-89.46204269580049
1787.4826152606945
228.8441701059983
273.5666634139927
69.4643399761373
-151.27417459544273
196.5830780260243
-115.99207593344738
-89.1696412948774
-40.562264338593394
416807.9464261031
2823.438044067996
100.17202231023529
-134.32215260313836
-40.57692759886559
501.99940018283615
32.49022989092904
277.5081353055678
-23.611405845804313
-136.04323128278142
56.090378136610795
-56.65773985533746
1780.801585408096
-46.78090429002332
383.44770423135344
34.031155219492554
2561.6574144485685
-50.71056506474745
115.18173533017512
368.61795453332394
286.62974486359866
-61.14365069904518
-86.47554287149032
-25.818558762413424
-78.46569378218872
51.632156418500486
495.6172536515954
-68.13366832527008
-64.00449311351457
-61.49280953069541
386.1362649071385
204.9591499744281
159.24912926199403
-59.303002290300064
1827.400848484148
-33.202381347487545
1101.1082589257487
-80.83837572293628
555.1767885565197
15.28181426388994
80.99848598799262
-3.9347160524732425
497.36438441718207
445.3037692820494
-47.27459438998521
214.74974055909203
15.935170929512347
-105.7868387395326
313.77369184432007
224.28513205018115
-132.95124430231243
38.29931948168677
-25.9917838594877
5070.939263918225
416.848508929507
5668.349501856824
-43.3531178672848
-126.4167660763435
146.54381902156743
-99.95644075937099
-8.064265221652796
-55.157650596907025
-88.23439381272946
-103.91947961001974
192.9734731645671
1708.872627015632
30.886349522420804
-29.083618357010813
4062.184122324179
4.598984395506526
-43.067968697229084
-107.64966486229515
-85.71255169631537
42.23979141569232
4322.425411513785
49.65553899452938
-33.7140141865633
-141.72847638916448
251.4701334283233
-57.24838600882586
52.10826778739486
-29.650232727327932
142.59003811666756
4.803366733575055
-49.37450535271486
-56.11363081085441
205.651942390012
427.2428313739963
7189.83081317558
-50.40439248230179
-82.17851316270978
48.56266727560439
-80.07964567737477
250.31752446972584
255.9029470764161
1.6836991467265388
255.74908139067364
11.547117544844749
123.49948277769923
125.69220163410951
576.1661159483691
-87.3652376237472
50.09879728599427
380.57073533730676
354.48204885026524
119.87255900216067
1410.9572339853955
21.654854878875113
-47.12094437868303
375.5811652623488
405.0603684695559
2.19054790131966
-90.05489857659735
60.62346413908556
-91.0908638409836
-13.520832583365937
-152.03804595926755
-133.42842325801394
90.67725096311123
764.6501368976323
70.03008198500629
-36.022495233269254
658.9492682868026
292.8260237816216
-173.31615255661214
-101.30934085373728
121.60993550575405
-156.41530836240653
40.5993347181763
-144.51098864186275
783.826148327935
247.53719425610282
343.09426988272804
187.72844724230643
16.971830927004387
-45.503067149877985
-6.238790270339697
-91.484780799926
1745.545798422156
-87.22358073467997
-82.62380800450725
-22.76880843712923
565.4995647224305
86.85297010729654
20.322136963140927
-50.987028350270094
51.9954262527158
579.2223468494228
-47.18603334701781
-168.15459609622138
237.8427526825767
145.22211726034936
-44.318168534562076
171.74707076465975
-151.07834537127457
-183.69024585345906
872.2784895342902
172.25336873769666
642.5331686872732
347.24792860715473
-62.60774926749413
1299.9583040588527
