-82.20584347677132
-62.711172752256196
-76.1676678975208
-83.75908117350754
-67.8515300080829
-65.01525897856895
1302.9190663330767
-34.166368805971004
-118.32001906807177
-99.98222805051033
148.86118905089114
-50.8454283949053
1037.1330867685851
-98.10161056309316
-76.70980387351908
-101.13661759622929
-55.40107092052049
-83.4920612811533
-68.76463751162387
-38.89027111070689
-83.52828146685864
-87.03980891767502
122.56568964574731
-141.36472740610074
-32.70221338867757
-124.17186004748332
-80.5980602867008
-44.32949103327624
-81.73710956722805
-51.51188518158442
-103.671473359222
-110.07360317413577
-95.03670595175166
-44.12714501430205
39.83797812228753
-60.88716855598917
57.383719626897744
22.384328320931576
-92.76559289003832
-166.81215202340238
244.09897959340998
-67.09494309393071
-29.539400183747933
-22.02216967109961
-93.45148536327812
-74.5074378318563
-36.49976144492939
109.31130292934776
-43.66662687930291
-45.785928297644375
-88.62168649385373
89.49641333319387
-98.26288913225834
-132.36081638836683
-48.93208911066473
224.29227362662857
-59.55808655110352
183.0517885327808
-110.1555345801396
-78.87759790925071
-84.60656129764583
232.0502426027895
-124.58912429533137
-3.292675792663266
-64.86970173224981
-116.79126269966513
-87.85970913925011
44.92114406233399
-117.8624228678955
-53.60773287981064
-105.9530735581818
-129.59260803020717
-41.92852892680658
-14.776590447452158
-89.34951553577865
-35.2409317525957
-104.44756629482085
-65.69083301169067
-105.79871819494777
-109.96438849210882
-61.15644987973866
-50.310272223837664
-88.95126502310748
-44.06550828288761
-90.07368632957503
-75.30996554664408
-64.87671747604917
-81.156366477068
-55.98957105711125
-67.62342410151629
-35.09440536089959
-39.366331819176935
-96.14964143214837
-102.93159908601612
-38.99232385346723
-47.64540351066995
-50.39698753913679
-49.821303984644395
138.53898818643657
-41.16012782269514
-34.82244352396642
-43.97721099520213
-91.48418081282317
-122.57298782837393
-41.26681291555719
-6.8217990622362645
-48.611649633900136
-56.53160827137276
-54.213095623038434
-101.65060547273875
-162.9969888975695
-50.89080584035584
-9.057196481383947
-10.963739754642482
127.11396952834309
-135.97219014762268
-103.26223133419424
-65.94088489359332
-152.54971587077372
-41.46835146171319
-95.03913830965698
52.8833521793308
-45.49840484878496
572.0571542546173
-72.82028592907038
-111.35749660090775
541.0442283614286
-35.54475252780432
50.453314998682046
-51.17886895184332
-62.5041391888412
-56.22730874455876
83.08902499454013
-40.10649471831869
-118.20640083684302
-9.901102248127387
-48.04518116213348
738.7817201432156
-43.23301650400002
50.901912161248674
-75.09922068330913
7.55182498762533
-56.462785267272416
-79.00510947600802
-55.815925912022394
-18.28546394487864
-107.06836829572319
-59.68051467799593
-108.92215969875878
-61.00951257481308
8.265728939761056
-19.011545589350234
-93.63541728886935
-123.16276271195139
-22.77967217015772
-69.5863371417762
-52.8472108494786
-52.50480307010393
-73.49258297045574
112.87000671915217
-140.48989196334978
-66.28275810392633
-33.800233149542954
-107.1395780417723
-13.261495439971652
6.777782071918953
-154.31118814177063
58.55507189971865
-87.84028426261803
396.78468929928874
-18.680343822975455
-54.01885570859141
-109.19603161708658
-47.82454523496556
1883.4286650767292
-81.40866068859869
10004.963755794024
-24.68723693738222
198.68872319780593
47.40813667569283
-78.28054389001777
-20.368218700911697
-55.33613418354268
-80.38487096365468
-70.63992532977592
-62.15090113327802
-76.86012907116634
171.9556055805698
48.82543618753399
-57.28368988399672
-13.896386497104624
123.19773704528853
-54.78055333864441
28.829965454904155
-138.70269195290518
-78.39135588825468
-72.27978886684865
-135.64660847045428
-90.4839627975484
-124.20444348396568
-73.74280775788137
-115.10763488555745
-105.22525449039176
288445.92411601485
128.05422822424902
-61.66068336718553
71.38787519575695
-27.94773896703319
-44.37530874707842
-50.03520385453426
-79.54991568867548
-116.96621155262241
-61.04262955053698
525.0870757544066
825.8133481870884
-83.5415027962989
-49.893418988321734
-55.35984587854726
-143.39308174808457
-86.38939124844403
-125.59857171397275
-74.43477766866235
-13.779553828682019
-12.57863892688113
245.86089125721188
-184.4595947670196
-4.960188693929722
6391.08250637297
-61.59064867269233
-48.96598077590334
-122.9042911023372
-65.05910139060835
-101.32623593653169
-68.33850493873315
-126.00975460290756
90.96722155871365
-107.49448192237921
-66.37903922332558
-118.3171680996405
-72.82063812777473
182.33520529425857
-71.76240734751075
-29.95128171215021
-74.59708537148472
-119.01121663820962
-153.4412267467241
-170.50880815296415
37.12525000133256
-69.92145662490759
-153.5978037036076
-152.73607437538436
-100.45422923781112
-48.20338455592585
-57.25188645449191
-21.799986603559905
-72.49885117721145
-84.30371473032571
-120.75445756219051
-62.2288752942744
292.8573375223188
-113.55956152330711
2567.216879801087
-37.774700101131515
21.58074236331541
41.82245247825725
80.28720513146126
-71.55103961182196
-88.91360598988287
-61.0211200009524
-53.70277137788184
-73.8583682797685
-52.67906699195119
-84.83050910727317
-50.424315395931735
-60.084907545241926
-132.42634734535693
-68.11341388626403
-56.929502557688956
-39.89212478829191
-46.73019878262151
-36.36161048655835
-30.503320908343277
86.23753680664595
206.58613768941092
-66.47921862726473
-41.73469989747918
-2.339944268542819
-110.14981321429237
-36.00009386546917
-5.171009990258799
-29.445523358827927
-66.56623829888727
-52.485651331347874
182.43415998171392
-124.87786730700141
-76.599928724748
-94.60260142857769
-109.85718642415415
-41.66165908945766
-23.35279926407515
-67.70168636253835
-73.76701392370049
-72.98328140039916
91.21012078521746
-74.04213146014841
-49.19160132010795
-67.11161416105995
-44.30479769049557
-92.90991018205202
-80.06648267540372
-81.07961990731671
66.44576016607375
-17.53473543481924
-20.014274424758725
-83.87987600673328
-30.01705227500217
-55.17860370898171
