-153.99350791476897
44.336588556737325
-63.05454938479722
33.69668868887363
-197.2182325650044
-76.64582242864854
-113.42494584214482
-43.10416075721377
-70.05839252782529
-116.25899048898648
-125.31355251609739
1166.2984013960179
-15.813702897100038
-25.540643166951067
-43.221668196571066
-87.22135457148056
-122.35620592647908
-81.08868145941557
83.95045533390429
20.32442629984184
-50.296871755807466
-147.96839318140115
1654.975492140822
-2.6501569480813862
167.67371401031826
-66.45210925549775
2828.0111435595363
-114.05982079229867
130.9034549064767
-6.221513200996293
270.290304693347
-57.412623352239116
-154.352567149084
-134.80036748345816
-87.24826097071912
-97.83371594321343
-110.20838017319512
-88.12012695592875
-124.60942526108245
-113.29890520488392
-13.117851628077885
374.8555729783125
-106.25515372529543
-108.21608301860212
-90.5610345784088
-40.166810813466455
-23.696286261595112
87.05810648440747
-3.767704565715671
-87.22248546734119
-37.088216939120066
-61.03206029155349
28.89674703954858
-76.87258513387161
366.39942964950933
-109.28174665641681
-50.95104349783657
-119.06035814104376
392.4542300919871
-49.51409730869198
-112.30879224182611
132.38181806063793
-95.35575927597341
-138.9927557989961
-188.72929609923256
571.095199573652
-133.55850961165717
14.037730449124297
106.98154350647836
-62.598316787755266
-46.12528819209639
-128.00204172943052
52.805391083292136
-38.44431023207786
-117.83513127222126
9897.721894551047
-76.49093010418882
-18.311716238852085
114.41950496590889
-89.37640793267312
-133.87122676774717
32.76683909855506
-132.05985992604687
3.384762313676365
-4.508478461308787
1814.215458735812
-77.26601710777366
-92.06458319860485
-151.69338456295478
235.63327827505395
3.2639974915841403
-97.96884409312348
-100.42365067214979
332.22158285528144
31.457532725975305
-55.71368244874488
-52.10675532547273
4196.759713613028
8.636549656404274
-169.6476744332533
-151.45051354277246
-130.71785565147013
-127.6287538083281
-83.32223192045262
-73.86796295298656
-90.33227332152686
203.74987218160632
-87.36037815786901
76.80344969359504
-67.02091409538505
-39.643696519948655
-14.534089196298087
78.33770969437973
-69.47574883182058
-138.40033882931107
-108.61064920678676
-45.014567793943336
-131.2907694003077
-70.42567041606011
-65.3072144992407
-77.41092214496108
-75.7263730005853
416.6176911123987
-60.68775221653909
-69.81158868560026
-60.11857995594037
80.61927571101805
51.53793188039796
-43.47959809697218
-77.4597313582602
-64.06522754558878
-133.6025378593768
-151.13705131393255
1.610587372673662
-20.349928450169557
5.640138145582849
1113.3004644229832
129.38827786863646
-82.82863583653793
1476.962155880615
-144.2426808110301
3604.7194528303526
289.72110292264824
-108.77321628415189
20.41606515039109
-161.07992805303945
-93.41497554405363
-99.6163856069261
-27.287803641125638
-41.789023223756686
-123.13710312381016
24.957241697761713
-114.59368149834104
-153.01074076514868
-103.01071149356713
68428.160818668
-73.84431628407172
8.452869540092303
-118.28570093002095
175.95794299278285
54.056377351537826
93.66831660476286
-196.50159997906238
161.96848926509253
-56.49693602818722
192.9182395598613
-142.61648847739144
-99.4139233550543
-64.98453791656897
-143.06024471665015
71.02510475980355
-109.80662167673106
-103.516357282699
785.0099040396775
1094.3960956774154
1.931479869497812
-134.60335572528533
47.56280074406815
-120.85136744886778
-104.15017928786563
-87.24231091290251
-86.76099649423941
-111.39832621285284
-106.91582486171231
327.49993893325075
-38.63274420207954
2764.2860997527746
-53.36160512019103
-108.7955001412025
-40.210358046141444
5733.110729907949
-160.03902238142373
-170.47244855898168
-83.73054821786891
-180.6675997830935
-103.55051320960511
-142.35430642024218
-68.7300904769807
-44.56824377135103
-40.538300286530614
9.960774007613558
190.8380556896276
-106.20742327596267
2751.124761272776
796.338413171621
-157.64771964382197
4064.548176987804
-90.60280770327189
-138.34482342549566
-95.5943554220869
274.6269481736007
91.94004197623252
-98.6886807010461
-159.255111988497
-10.040171013656598
-81.28211167861055
-181.29261815706346
213.4762181074355
-71.44001823524545
-85.16348770083695
162.29927236947523
-60.44510330318653
-183.4106422258502
-177.4767061154903
-106.07697960572841
-140.90913579921985
-59.04869951704804
473.5580628517778
600.2031740176874
45.108167848484804
33.51166130049935
66116.80376920881
17307.426558772175
-70.3760282717812
-56.39349061402969
-151.09618320823006
230.21841866605106
466.9910619578543
45.58113046223934
-98.34013599983325
-74.39065593190846
-137.3331977013188
-137.54807063921757
-4.620595396742944
-157.48960163421913
-119.02300243138318
-56.005226179230355
-35.21020533406689
-79.5596346195888
90.53210407876962
-82.34754073412154
-95.42648919282874
-96.54524193778867
-79.57230455770416
748.1455373537187
154.68698231416536
7.512383027562361
-17.675944796232855
-198.41462061572875
-63.11806103581287
-55.14572111183895
-50.06498255792459
-28.02430655399863
-84.96195294818651
220.47831986921435
-50.54263488030892
-66.68748226223266
-64.28312790774143
594.6702976885492
-50.73727128436188
-59.28111239918994
-54.34822377870441
-122.32031174961473
-181.6248819896515
33.50074271538731
-32.86416844277184
-136.60727487522348
83.52171113070244
69.01996982737114
-105.4966853174327
104.09477226129418
-49.56586045015871
482.24637121773446
96.66346880166681
29975.00443395287
-49.37054957259568
17.04337966860444
284.4554087467861
38.429590655918936
-56.19386723541699
17.86923117652268
-54.867511716034535
91.09111189022518
-10.31643732383224
220.20147318736667
-138.22382322493473
-133.64847570744516
-119.76915644588905
9597.181006613533
-46.79407073382288
91.94388000553403
2303.617427847146
375.5926163464753
-86.0659344138942
874.0343844702803
59.19148965411352
-161.50298499979002
-29.89510526459832
606.2264381321534
-80.65565972286737
81552.06729899617
-58.47476151055637
-57.27734381276958
53.35410215127927
64.30516719390883
-35.49619271930511
185.03391505876968
239.7894748005813
-74.71980915307101
-98.26228318712778
-98.63666719068817
597.0434500216815
-209.47109002472968
-117.82893026539553
-216.00045287422125
109.4649104965194
58.402023744683696
96.71991613974328
129.81167963184984
-150.91240931330884
-77.31968737874435
1731.2682466028944
-102.61359023519174
-66.71181284905214
20.93197284986939
-60.4507082245488
1163.6266408987353
177.87138624338593
-162.40791437573952
-35.32604231350921
49.02229526362276
-74.65058599991899
83.74487211297388
-89.09829553693088
-92.94158872810672
-142.49280990046807
-4.773282343876344
-37.45947661573035
1770.155507215869
-64.18099436421528
-109.81930115277558
478.8283613915809
-109.73812119607646
-105.16620390132336
-114.26123583732007
-74.6176336688041
-156.43106578302044
-58.151712869363095
86.46667346886935
-125.46499947214993
-120.78538650101498
592.7648953929188
-121.90984108784562
-56.82230379031097
-131.57214146911818
54.48930235205326
49.740165084310895
-139.70934147620943
294.93027535097764
-183.61954406057654
-80.13703548322083
-67.5491462465849
266.87539314007984
449.82204023865506
-150.92710144631636
-68.15185772216617
-92.94198564241808
-49.19256964178386
101.68580079878885
-83.58519821341469
162.78798486231247
-21.73912221802538
-46.27701553661667
299.22229918172604
849.8121937655333
-54.29980555911702
-158.61237104292275
-77.73462980097581
-76.58514133070268
-113.9732373967974
-101.06092412000639
-62.27691615698556
-69.9972497723058
-82.37817368422687
3.7600377390839803
-76.64369554146859
-56.921069099359194
-182.9172668401452
-78.56816341807307
79.22317340959086
3631.405878948866
-164.23244382811208
75.37915104097607
-138.01810880159317
-160.98495898343208
-129.23603049213648
-86.21926504243065
1163.5098007008116
-129.39939992915967
-138.53023797118442
-79.23397549868541
-114.52036639235556
-84.03548463349132
-147.4239373419188
1105.5296322070487
-18.437346086888887
97.37615025034891
-13.84252621131008
-105.45425468518458
-102.72675520226298
-93.2126608610647
-106.52432223508117
-70.08231564947489
-139.0204598585964
-56.63243701254617
144.07039290858515
755.6647105537942
-15.799249256498742
-174.34690810707954
-201.93379284642785
127.06763425655609
-47.60406978176079
88.78472453798382
1112.907145246332
-7.728727400817938
-74.26326963525634
-19.750142385987814
144.4450827689116
-28.873416241605675
-80.54593861882257
-97.85640825552353
-97.82246241694705
125.0951504973105
-98.76054677629264
-144.65216713571488
-70.5739826949612
21408.155770966398
-33.28927593733135
-98.78391541315557
453.78075705873005
-89.3319118865081
-53.96414164484592
-35.80492875152518
183.06818233470844
-98.17969825321478
435.58689252052153
-107.24072087537823
115.82394383552815
-93.1224339988462
-60.81956621940512
-40.528963554209206
-95.75911724159164
40.07350213160039
-137.10893541941692
-150.60135123999154
161.58999093249253
-23.924354706877114
69.10846613924477
-31.077816941698952
-65.08309080314696
-51.15834539216966
-81.65817924764116
-147.8689470458683
-20.02056842157975
-156.54260516639394
-98.11004871782187
-25.699176113939814
62.32393975471757
-83.73884882670507
-171.7465042536238
-135.90532626158964
1722.600404290919
274.47224441546103
-94.79463794263393
-72.92407692776015
463.10006789864246
-196.13640960363864
-108.29482186490593
-119.349550429981
-34.29449135548973
-18.849519466312408
3445.4660549490654
298.8606926833307
328.3172507127903
112.9414981841876
-38.10100487117486
249.19274595781772
-115.87996180136896
-67.94722822864077
32.17103343381429
68.81676832819036
-131.51433894460436
-13.88245572012589
136.153642063698
483.90169586705656
-69.9174986188261
692.1997466012917
48.11447753339011
165.52780413108627
-132.22570889641352
-51.032262010326306
135.58763466856317
-104.77664724305713
-112.40878058517421
135.3425059690039
-45.83585214437657
-106.58552838929562
-143.59271154772352
-54.297008338013306
-20.154403457334595
-41.44085883815292
63.100852224399205
-95.75510389114437
154.28757452912654
-72.8685606066673
-45.966509655442856
-39.57714108060612
-67.22778277156908
-108.70380279751447
86.9284726712002
213.99822656572894
1472.7697866120507
-71.84689021427486
174.13253581158165
-35.42802221428529
-155.69398853264363
-103.97881534946666
580.1932715775372
-143.64064453679637
-151.1755637849461
5.362662103569207
312.1545983638744
-78.35451509475195
-61.644658875509286
68.19300183410795
32.642418052605336
124.9048262237742
40.49843300184944
-87.04490301011572
-117.6111810345615
-59.43371661722113
-60.26868756510818
-113.90541301335188
-100.68026807078029
-164.52472790467388
-56.59200953081973
-86.27580342488804
-154.33342360761895
-125.02439249235486
-29.39580016972068
-32.919127161603996
-116.00440474277433
-32.125959809775416
-104.30061970594478
-120.67079386249361
-158.11695269012696
-119.11394298790076
-46.503840375734754
94.66307942253171
890.1056264548394
69.96333160697719
-101.52178608264565
-52.876794218202924
27.88170325529143
-98.59805407763581
-68.84849433750347
-74.72359109901534
-27.190171089706357
-83.62281918574254
-46.67204396358035
-45.139607500484985
-102.30919212959631
28.929869890000607
14.258997651748379
-92.52860331515284
-58.78749591894071
133.20687848808342
-98.12543950409915
-60.754988034966686
118.12580698986727
-4.181774076260456
-61.57184166267698
-71.15739286687264
157.90271639203416
-89.78418610008792
-49.09215960145914
-49.39079916614438
101.86024065801925
-110.89745826574699
-85.95042957317206
2057.2975667785145
-128.27622211339985
373.4953433818972
-36.8496538217748
260.4727304445793
-24.367255692065594
88.21688244603065
-54.67005456638617
178.15197771752392
-77.96492329500668
-91.41291506090974
602.8139258388785
-105.84060007006191
-80.11186195648297
-138.34971301509825
-42.76270704149778
-110.72195466167379
-102.26496066331092
-127.25657699277482
220.57252788682095
-90.76064332335065
-142.85660835499309
-128.93269885389336
-115.13363701627252
1746.844605637274
-87.74655380407216
-19.234003724788863
-80.03274566177235
69.91038305050327
-112.34386783880029
81.6886862615321
8246.299740027212
-83.37047507654671
373.71746685586896
147.76931128462311
-131.10010810033629
-73.42277263374878
-111.25731932838468
-14.55513120040489
21.72257253645479
-141.66658363805774
144.7172946021436
-28.648140717407173
-121.85062121116205
-133.5023729044839
241.46246055685438
-114.11963458591467
-78.48819319222527
173.4168560950483
-43.22681897013719
-92.56558202228047
622.4558183317156
791.726115304804
-85.57179956658153
-121.5903618474067
-156.88692146985693
-88.92406049216834
-164.3456866159003
89.4495170200881
-116.95297285020717
-99.11278530022558
-98.2411912685291
-125.4777489921325
-47.207362704049295
-119.06818885120173
-120.16686372939093
-74.18514076823128
-49.595774232129024
556.3633819768411
-126.17343394078146
-127.01103360998866
-110.19305417932297
-10.313560763461574
-48.26957221331413
-10.282680677550308
344.71453107676297
87.61471975109603
-78.20732574134293
32.91911789585493
159.5098925118603
-104.20865894795985
650.6381890248148
23857.423294993154
-95.54452849889338
76.03033927961351
-96.63043554194664
-78.16730215685556
-36.51405665303395
-63.48982566492092
-59.0647217782078
-96.013410737431
52.53936941409217
-163.86807058120067
-157.7897324456917
81.72298279153159
-102.20147656244619
-101.48265980563471
182.61910629334744
162.01485826825993
-60.786252356522866
-136.6501998576488
-72.98592468184083
13422.638945584793
1946.756981113767
-125.06203012346312
-142.97328104773956
-64.6056637021299
-146.22158691909465
-111.54902935189631
-131.10101766422477
-53.36165038907922
-36.483730235759325
-94.73603305764591
104.18066507154494
261.04766271167153
366.80833449582497
-120.33826725205597
-62.142921299083994
-53.05875255945621
-6.945506694821463
-60.386840975360045
-78.83543712898154
77.56832655679182
-79.23247256844982
-124.50824818167811
-13.752222454516435
-33.327940780567744
-59.17795717572348
-100.26537593775564
-34.08717222890167
-29.444103401854797
-31.607663802519376
78.34255008590196
2144.5154826496655
216.52433281436205
-173.1924286047235
-134.24799453875846
42.59701146105132
-87.60418664550488
-60.84096646934007
-62.05938006753428
-131.54611644676808
-69.11813872927647
-117.84742177637771
-30.43837579898936
-119.72604652881923
620.5709183026265
75.72985305933369
-65.41368900139133
113.42702321832346
18.784307317861526
-112.79244721554764
-128.34576137415925
-115.86733845492466
-155.4022527917498
-150.40564838033552
-115.83469486867237
-152.5103633558425
-39.53211060393775
-115.14823349038214
-138.75945445210758
13.670822005049505
-165.8535765763272
-61.663063565793486
-94.39137569800374
-184.9252882639756
53.53088160685089
-101.18818598987563
-125.20752201328732
-9.339339799876264
2907.1182028126336
-14.679448172977636
-76.81598559646321
50408.62207882801
-58.89555721272388
-97.72836848424572
326.3999080431241
-76.56720100623166
348.93397782164044
80.0536482922457
353.6441303833917
246.3559501915966
-140.73259944640728
-131.45456152202152
-39.175969127450614
-101.39915954730758
71.17920169175977
-100.37064350267885
77.35409741564625
-45.79162491611758
-98.07541294366801
-185.3198029542826
88.85270371191392
35.898136262700476
-101.91731761934399
126.94953765526594
-106.73181342128834
-43.07334588910579
333.7491385851176
-88.82148356232578
-4.8364270652506445
10.675418304151341
181.4446580859242
-109.8535056402058
-152.59524720785168
-132.51973225950852
-78.64493980332433
-85.99264484572811
22.58395677652529
-93.54034478058433
35.547793139797164
-93.97297461609105
-37.67678461451405
-9.944310483030431
-71.68870617226874
-73.23246585988896
-84.3266594317152
41.98512975668863
25021.063532263215
266.11249354221815
673.7651168145803
-73.15244646155374
-106.15114940461936
-40.95976847106381
1600.8586607612174
-143.45639083856116
-83.40028393724371
-41.137997186021366
207.79929151920334
23841.298844975336
-127.16005341294516
-129.78129687284456
-135.32649321626795
-62.85175281022813
-43.269382701464785
-48.12452105870525
-90.74175230921944
-60.1472682077009
-135.76551050934134
98.76451645358007
-150.62145411517722
-130.5305937643514
-175.58500294385465
174.18694547074125
-111.00523457161209
-134.96183214514053
-162.2351637833689
94.08937246717684
1022.365235485446
-12.879529338128217
-88.6050645497096
-97.35494024735885
710.3839012845245
-87.8789370083601
-53.22828187885667
-61.69087062984037
43.029728190224226
-163.73427058662492
45.67275109688285
-61.439128363299645
189.87327490233307
-120.65585199963762
44.0810000582901
-34.916361789644085
3022.5991872172244
-28.10165578382177
78.31248326230092
-115.16091308300525
-140.26294490537768
-155.5423161753526
95.73316464080592
57.89634209440666
-7.480000836609912
-124.51455501983668
-60.87241162821535
-74.42846696066061
1386.9852882336959
-69.53307477537604
-114.18353619553419
36.220788026065435
1709.0997544557001
-9.01018187057524
669.1241546600613
-86.72373791043849
-160.49379329167724
-81.50849580135949
-75.41501915146546
-32.152217174951396
-79.03395395600546
28.557214788748322
-31.910129094046436
143.14457622972714
30.822423766508887
-147.6003214389376
-124.68996216319435
-90.27709483292372
684.1774328478558
301.4870219051889
113.13483658386569
-61.856536037364286
1699.6181085116966
-16.994492858064056
-81.79622117767303
-144.66387130223904
-106.06933262221068
-45.083269296063605
-98.9638332685685
-213.23201458916583
-77.97415166129427
-83.22087666541144
-130.2609956985648
-20.071281888662725
-26.678772486434756
206.70020988701384
-39.418755006218824
-17.51871940599552
-74.65868831560547
242.6987631837845
91.60206705113863
-122.7097294288707
-97.9326637007747
-54.8561574232453
-132.68044709996877
132.05111404387404
15090.202226208703
-188.79306225884122
-133.93979190197294
71.21585192967521
209.32363873727022
137.44290475560933
-47.49080474731058
-166.3547052498445
-74.23015622788813
-99.57437838296127
2660.634231590139
-72.59976767750756
312.51575702053555
-69.15908557077152
-33.1962591941792
-2.714109796837846
363.5432645924131
4316.699875563071
3.7006685331868727
-44.17300341469702
745.493855283553
-84.87220228990428
2402.282571839217
-133.39368846683846
774.4397110292472
-4.2157500030490915
-123.34135765776826
-16.238739165414867
-88.45105464176528
4875.230869756369
129.47987384342574
247188.60367634144
-88.87995813524738
-79.0002759247102
-71.14281852054913
-51.66221105221675
-153.84122934233545
-32.97315471258299
-46.8535039745912
2394.2394032185333
