-67.7019858991919
-118.35552404380611
-134.78558927952344
-55.41853120001904
-130.41594085678824
-80.41851965370105
-92.4841013253689
-125.25826433820006
-104.018042800186
38570.83839266838
-117.49707354668683
-126.44484061465768
-127.85850008150742
-49.465381141231155
118.2947353470583
-107.63859468404814
-105.95013563382078
-119.05672299494825
-74.36827665488366
136.52591894910327
-87.65306019343369
-35.62245294437385
-45.85115393741994
-64.42013203123437
-104.8169290615361
-111.70302839052397
159.03331117119853
-96.28789072194579
-25.220481621239493
-67.76230682301801
-76.40592158956593
-110.08572058768806
-134.77759722193113
-107.37336588070644
-11.402772961107166
42.0980887877894
-131.29836979763087
-71.95550645368822
-85.68284829194683
-43.55638249499004
-114.30514167631904
-120.35270954005787
-122.81275770334173
-115.45350948844808
-189.78778182982228
-140.4636806067284
-108.20960802743576
-96.46307349777256
-97.74311521414367
-110.09036268624592
-114.26897168093565
141.2903739408881
-61.94565231762726
-30.64350634218711
-1.5655114167729114
-169.75632339038694
-130.42219299783372
-111.23001420780555
-111.86143213194978
-17.07275252827651
44.229221963672835
439.4803764041756
-117.49204644288442
-124.21357341839446
317.0235117136542
-179.23759759565976
42.00948248712935
85.71796319064232
374.67528130999364
-185.82623370075225
-64.17211613024536
-46.450220162351975
49.128699462288644
-88.37075153317636
-141.2938256159187
-112.61255151722466
-79.4668888877396
-106.63099791762266
-104.57573910659927
-127.70097691787826
-163.93020181661336
-107.55447093603303
-98.32687406599027
-2.044677551783504
-93.36297373327805
-39.01393000873432
-84.28630889699905
-141.44710077004194
-80.17789861199681
621.6739407674597
-156.03896603721725
-147.94100644834293
-2.935136059382816
-92.54447990667568
-115.29813279339689
-141.71829454209723
-86.0495707868934
-80.45958972751573
-149.3047929568686
-94.22022748490097
-75.20065605378858
-24.577617048889177
-31.09811718471085
-179.8618616551673
-72.35955518064706
-41.96751747283706
-47.08710028726689
-101.26162885645913
-106.53439024414573
-101.17425200989075
-66.91134641397223
-130.55979933038154
-193.22580063206195
-56.715260083189804
-125.41099896878211
-117.38967987710993
-78.44176680481998
-93.29392011417835
-101.4999116909836
-70.66671940688911
1242.0374296201383
11.33201314654537
-78.38315259795347
-27.253862090778636
-98.49821059022803
-116.00173746478188
-138.8014584508152
-139.81883972073283
-67.15085621125945
1.4867916168394384
-105.36692227314293
-76.79447500854768
-73.31915902441364
-93.92530336748547
-94.09508537817148
-63.226436754792864
-65.05859768072281
-140.5618332790507
-61.11162089030058
-65.18832143160323
-97.57510189155484
-8.061069892195519
-140.27031373983655
-145.42806664547314
103.56632101689907
-106.43272499565894
-90.9744764651195
-61.695604349045425
462.09633516030215
109.60206432632238
53168.82274361863
-188.13341855478626
-116.91344041359189
-113.84512354392248
-16.66144962775941
-82.58283828352342
-82.1117437443884
-51.83450910038502
-36.36098552119494
-67.05550737214672
-37.78821483899639
245.2288381968148
-96.40624285964233
-55.349419427694485
-56.264337166193194
-132.99751517529833
-79.82325307737162
-42.855696346722766
-55.15829796406067
-70.08763413814117
-44.30835152045554
-149.33682554594796
-87.49830419478823
-126.3633451979482
-88.21937679020763
-106.07219138531882
-72.48411106020593
3493.0054281195225
-85.89012982409146
-107.55211196169125
-77.59724493896675
-76.39047072962464
-100.82206576262358
-81.71861604806148
-120.25582843619956
-116.04733417473224
-148.3744912287676
-14.076276946617853
-75.2520832377098
-141.86010264039257
-32.71823790383985
-102.70772383163295
-97.26742692719715
-155.63242153286566
-105.62971429322317
-140.26126860386628
-121.17098173092339
-82.21454692546637
167.77152462991623
-65.78813032507553
-129.18213655140818
-98.97997543429506
-123.86377086660906
-156.95006913108526
-135.77801252285184
-33.42042321341242
-169.99631403186584
-58.13002876641655
-85.09080923462224
-102.00620028638323
-93.6115984668568
-120.35212294123292
96.02270495017186
-70.00696947780672
158.53610796237834
51.85138863795028
-66.22889378390339
-116.72702856470376
-119.08377049062518
-111.37912255915582
-63.858581609815126
-169.57103768479791
-103.90812418028102
8.52497057348431
-27.89814618907018
429.74850314666025
-65.56306886498689
-53.6192596921652
-115.0307189285886
-80.36573455950318
-52.372314857168455
-119.04394575573629
-121.11681402867745
-149.32713692580765
-115.60763029030747
-104.73156444661329
-112.7025562839888
-114.8176312604885
-117.24268726560383
-197.57223708831128
-99.17134711563985
-52.13772567220303
-79.06620709636333
-125.25738932588874
-144.11326495637547
-137.01005190438445
-116.41283888684396
-100.60998542701614
108.22982251020352
190.29007383078854
1887.5996607677787
-90.03341775211449
75.99006254849769
-182.18070556019973
-93.28989280045586
-94.72642034027523
-112.04079752607892
-40.787250871278445
-99.46089954454665
-37.10951719477172
-63.0127279403305
-53.222556380538336
-106.60408856649651
-62.09348433476256
-105.42053400736788
-78.98163086114229
-86.31062083793584
-100.0950060210992
1078.113730721367
-70.24358760664406
-118.33845579416956
-16.73645533227011
-63.21738349721345
-88.04167877258986
-69.82954143067458
-100.1998798439316
-95.21898918749379
-58.95353912723921
-78.15226133563661
-121.79659648146979
-78.74051301131183
-132.49283882038029
-93.61635519025002
-103.36119295306864
-84.73844465340247
-65.17587771609169
-133.9243948582744
119.46499287534564
361.0812137176548
-119.01725716287915
-122.3772369589349
18.05389924076451
-11.661010386084003
-151.6630773522661
-36.82528144688398
-122.03495189255759
-91.2201707662626
-79.9488120902222
-95.38013558182355
-107.50265885020161
-57.56242051558022
-113.17314186712561
12.893640728597786
-147.10190349314968
-117.91616734440116
-43.96833207540941
-96.34551800196442
-84.49129311328491
-114.01413000955762
129.07360469887152
-15.119182358155003
-102.73811780817815
-125.75179407705544
-55.487654962119414
-102.52140341561653
-57.33457327448439
-100.26550913682219
-63.11256155385227
-143.87084382920082
266.5127613456289
-34.35048499617153
368.5608328547766
-110.21257114242711
-83.07366805918582
-52.12724234537084
-118.72732457851507
-61.64122585719217
-51.15863599341668
-103.36085571665184
-95.08269784923323
-83.11579835430197
-89.45258670982507
-142.35065496315823
-97.50010811039401
-89.45897741172153
-171.77668737071195
-85.7280873430476
-153.81321586336045
-87.03593018540091
-116.41447954482972
-160.8076892399844
445.64672131535605
-88.90359016117307
-147.65015626666917
-154.90460148369763
-31.649881879327925
-143.67013133352037
-35.269796251296235
-132.84463105126937
-95.70363884022852
473.8433459160887
-90.03329603902839
-114.41105657079778
-151.9065142174133
-72.39115289677008
-84.80813539194341
-188.01845523484124
70.49778502359119
-109.29524925932986
-84.11857371266717
-115.18745569888144
-49.62064031163463
641.2629001546547
-58.59588672408311
-85.3458867579406
224.53456628388224
-126.70372762699532
11.249834723267345
-157.0089213203352
-103.44192194142398
-135.11323452805524
-59.90962586184955
-107.0755776409178
-82.62439448876353
-72.44645144612277
-87.34651177216027
-104.79775092213704
-106.35928771957688
-83.2740523125987
-108.63208445392118
-132.34225360141127
-65.28780150813685
-189.8950657411895
34.99803218085652
-119.67177698000583
-126.6204706168936
-88.22034822123872
-70.72297999072127
-105.16291579630925
-174.75924728647763
285.6852617860094
-94.09660287293727
-70.32680251822934
-99.9645950118674
-57.564783366745786
66.6213493325367
-83.8328029793098
-117.40965431053525
-6.3806160117490975
-144.36810327505498
-100.25888360096519
-111.5912597803635
-78.62871326149309
-95.11879847390061
-85.84710879909457
-118.38164547933872
-152.51700435063887
-33.462123964064396
-176.76584827689499
-82.11039085733952
532.0409138876471
-132.23872562261985
-153.4894463175565
-87.67988093330635
-132.94048225558305
-145.55985303126278
178.69675178892624
-109.08067164713502
-106.81243259422666
-140.15330023011634
-125.05145729682715
-58.2328496377972
-123.77205844164259
-90.42655176557388
-122.207869292836
-111.4752670916681
-124.63922708078711
-131.542309200838
105.8241410727005
-79.04113009350863
-88.33431107045422
-70.45973107527662
-87.6206158722351
-163.30630705288286
-111.49119558065928
-87.47324162388709
-20.6383774144147
-81.13255501394447
-199.99341801125672
47.83166373058472
-170.6308634091636
-70.46232492468745
591.7043743434148
715.4717629755531
-77.65888999230985
-156.7347809079845
-138.40668133743273
-149.0841619203047
-103.49893398821672
-93.29655582580116
19.767111756604955
-147.57166573746875
-86.02019521927798
-59.98294754269408
-49.73311473885119
-47.552891481246554
-98.24943276251626
-139.58519712400883
-81.73372028389964
-64.82424962069737
-133.62831703350903
-93.20484997941891
-61.30321293953427
-150.45323269944245
-86.3177496132148
-195.79034374028734
-67.99217435715909
-147.4260206766316
-121.35363095926576
156.04767149551708
-53.52208648880875
195.04388267621675
-171.55664024648436
-131.0084583039945
-114.23739046278143
-106.81307843986711
-94.01015955692453
-121.678634058737
-126.18977333288726
-102.57807896618979
391.8518914907519
-112.98012357796664
879.8123279900094
100.26435857737626
-95.32377398109699
-134.86294401621137
-119.34779060521136
277.66448500625285
-40.943229624987126
-60.19508061008626
-95.86308414210852
-93.46199771399144
-134.5547615452817
-88.9431461622195
-124.19387499716265
-34.820634848387826
-67.07581050538289
-91.16795662854386
-76.8424133760549
-150.31769616423495
-170.10269243679588
-125.24345904156665
-78.52044462110037
-104.57232261414086
-60.937486265417306
-81.97075225619152
-150.9066798171013
-113.64339861147093
-61.54500041018922
-82.59267967799394
-62.595100670874054
-41.13144548246048
-96.68652137433793
182.05839791361973
-61.33024301855474
-131.50550356273106
-94.18140655325048
-88.19153544850641
-93.34180569395664
-111.57273011762905
-90.41674361855996
38.2146621352668
-58.597678698036255
-85.38929854678102
-20.011798394955882
-112.09178754091242
-161.85209642666814
146.9021982835299
288.7354442525144
-103.54604422098714
-99.00102691384397
-41.852231009974744
-87.93271941419368
-140.54927356249252
90.61584958118955
292.2149513133291
-29.651620929459206
101.0198305821285
-103.51820947825793
-147.14849473852118
-107.2582552695574
-104.57903214036362
-75.11887215569179
-10.781936418873933
-96.96247712683055
-93.97739278237836
2134.89766935676
-60.508132216893294
-145.21515324414904
-104.04503160417622
-40.956211406922165
-113.7601605317504
-79.93583801540083
-43.63447825411288
-105.43449204086231
-84.36986170972962
-128.240495743216
-101.31314357268698
-112.05384971207673
-94.69877828498731
-78.84393798712091
-163.00571199910834
-142.195351689348
-136.19787443103058
-55.67725698462294
-161.65698694653054
-118.9644726910714
-116.27348604596936
-128.16040748248906
-110.253770530611
132337.8252840939
-134.2593202626796
-98.17711387012899
-49.95309886515213
-79.69617648441418
-41.73833027110267
-51.960109518276276
-46.956018049711226
2085.411324346784
-106.23673606800314
-137.68598332181878
-164.31112816427498
-107.06801955087236
-58.4052866893198
-75.79961593596062
32.233732898329194
-46.4358426460199
-161.31329193619604
-105.81443526521865
-99.22201965015738
-112.26951258181091
-111.5034335464885
-133.8197879456459
-93.56650951378923
-69.53285113941584
28.929809236424028
-52.63930821800212
-37.87419345158514
-116.1758208304923
-90.9862326511146
-166.39610020022369
128.97750120611573
-68.47614299573517
-115.27560194882176
-97.41136931213926
-132.51711539408348
-83.37602625854588
-34.58499759297317
-85.85081674943414
-144.43996179364152
-24.299741961509625
-92.25912587344172
-26.70916296494076
-73.70278263836909
-102.35816713900546
-47.993366230633285
-112.54271533774288
-120.61846629719986
-116.60751777101723
-69.95753875492429
-62.218280436912096
-116.30527899307299
-125.48335304184903
-89.26389997350046
-123.77215202813916
-120.66729652838302
-93.9343737261845
-114.3233097521834
-166.2981408216846
-112.79020373657787
-37.784460210631735
-87.59571036601957
-39.594349623072866
363.02825443806734
32.50332714341055
Infinity
Infinity
Infinity
Infinity
-121.55602808632193
-113.40900101286176
-66.3319590416413
Infinity
-96.09776180058603
-101.06837844566233
-165.27566567693285
-97.08467084244828
-94.8741206854016
-137.4499464483566
-130.58984321195177
-102.75220635894442
-35.71657415664217
-99.86151424888394
-93.87739206870023
-101.32781429548818
-75.04809613742508
-50.79016209497143
-71.58375141940064
-155.76098384784757
-65.58320560444545
-108.19974702134031
-26.073405385485252
-82.80323392152262
-62.09530356115847
-108.54236317199621
-83.72034338679015
-79.685837705158
-70.97695038524827
11.347076601388125
-71.71618831635666
-87.50926931372616
-109.10264080138133
-30.35747654085835
-67.6610912154299
-136.17292470322366
-115.31521185969942
-83.41341893144813
-51.08788256698802
-88.98007398153592
-45.16216554358421
-77.18319174163615
104.35363978833229
-61.49855438861937
-74.20122670364148
-94.32320394289522
1.8161922491977567
60.48029119327476
106.73571982513037
-67.0083396151766
-108.9824684139081
-121.86497563149783
-161.40725501624019
2820.1339273922167
-137.8938324216907
-101.92134186315481
-138.68338125347253
-119.2305994310273
97.88823468518622
-94.08527125800947
-101.00676647767504
-124.67704650548785
-175.67907981249644
-110.02039318008329
-122.90939660970275
-119.88896414313766
-112.05459467701655
-120.440755994437
-94.59548995930334
-88.25342519607484
-115.71514775221338
-195.57522489572906
-110.44465598970979
-70.47550321701993
-81.36104681407478
-110.5250612894678
-130.0628792582767
-94.21485859199095
1384.6666232066739
-121.80306970494087
-90.51826343110416
-97.62556192122595
-96.64191356338449
-135.49332263612362
-53.961421432116055
124.21235922870991
-102.7077811300363
-168.3373368043635
-81.41373416230047
-15.973790291966331
12.266492459554927
-149.06702219629204
267.7833761520629
-113.16041168305755
-74.68585959110764
739.7782487650032
-53.52945739921767
-67.37379136430776
-148.63350115612175
-122.57214316853971
88.91635772615724
-70.75223574699704
-120.23015718014662
-89.20675210132794
-61.927939942345624
-95.321322300431
-111.06542605727174
-98.66962870831424
-84.92883731193817
-22.188381981825316
-83.58284878684354
-111.55318746441058
-74.94980348929016
-138.8875946413207
-88.76826736048037
-67.97243853150633
-162.15066598182946
-79.2516447232338
-62.072699732628216
-58.701503596582185
-117.4825569864737
-128.11166112075878
-122.87373793708554
-89.71645352386808
-58.60368426053829
-53.14821378581353
-84.23047941306527
-169.62605203211422
-44.85317460708448
-30.893237522123776
-49.239357457984845
-157.085245204119
-116.57170704410497
-114.31291891984536
-82.77786038422255
-73.87770100060399
-98.89992204876255
-54.30314661292064
-69.75556184086297
-93.27681668549377
195.02718954885952
-80.52197988028898
-36.75524723342978
-161.553159335242
-77.03826647275
-182.3880395926557
-83.32334151336356
-118.06492170903483
-87.96822325787848
-86.1650930436061
-155.86356853377342
-91.23214252944213
-100.61972742674722
-88.83147382774231
-212.68631875446036
-69.52332879989028
-176.01940261725716
65.53673705597993
-84.8933967269467
65.86197649010943
-40.29830290023272
0.5967927386803438
-132.59469849492066
-112.1188018962469
-89.41253792782624
162.7653522679477
8.975839643261693
-66.15211161916473
-97.31390084455062
277.9113726042288
-84.80724002633326
-209.8954217648053
-91.88490245118926
-143.4793949949407
-139.45225908371498
-112.98776385810959
-127.42217026905915
-154.0401670269732
-153.2506968015357
-21.840242860984485
-55.46603797843423
-88.41635954539056
-78.54397366085382
-93.22276554840498
-110.70854665342236
1.162104573669089
-111.87310905045044
-105.87060071997678
-104.07329836252657
-133.22567053175067
-133.75383597426372
-98.85257280749914
-81.59511944490605
-101.3761142603544
17.92033791407173
-67.78521767774619
-52.993911375571315
19.282852376359763
-80.26128588401602
30.22854321129355
-105.6109481959949
-89.81731554497279
-117.49809158066131
-50.468696568813876
-113.75216179126072
-58.285911539846275
-53.31775962150502
-67.97009469191265
-133.56191191027645
-107.29374070717148
-28.978969391365492
-179.1839126358434
-76.4950452461011
-59.29140644926569
-48.51829040576317
-81.52648867878155
-141.50527628329385
-73.15667398697067
-93.5008680718403
-72.48506256594182
-120.78335531025743
-103.82684558842449
-45.87039476382302
-146.69565002416854
225.128866428204
-97.27455616261446
-44.844798824581254
-93.54203315617362
-9.992660728374242
-53.71544363041904
-103.48898554102979
-75.95547781288742
-116.5391128615565
-15.459545454893071
-93.97123693390506
-140.52568079643422
-98.30527000705636
-31.384167377481873
-107.78148687137814
-166.95523528429047
-63.77385878488002
-50.80112696680556
-97.09431389990772
65.49354762144067
13.581979364665216
-73.5743716364752
-100.79142296420761
-91.46889073069417
-96.29871428729251
-113.4486556147659
-93.40566231610336
-122.11022442775169
-102.43510323459729
-32.420114182902395
-180.04462983196814
-108.73188955599115
-88.55234063900689
16.6670858646879
-89.96707158606304
-46.3449757493959
-107.36865429531487
-49.18879554713375
-95.13838003329545
2252.498856344501
-191.64739710572056
-111.11032467609536
-96.52529206826165
-49.23995356782621
-167.7658447609199
-99.82239012740789
-87.45383728943436
-118.53294670618524
27.80169777674139
-18.3915150604354
-78.2719176876218
-90.26065729910111
-90.58971124239663
-108.35290983411946
-101.54018861332288
-65.02660312376857
-77.71526740676607
-115.52239580074405
-106.22227034318932
-12.290916969357902
-100.32516143791021
-57.35113229592974
-87.18000088872526
-68.13715930580011
-157.57088815489732
-57.15784039297207
-9.374436711091194
57.04554527387085
-88.85675124472996
-81.65036972457287
-70.21831318367056
-98.52509030306886
1004.844326572066
384.8074846769975
-77.92422965182922
-51.96179767685778
-96.76231488636866
-77.52129569859667
-22.101238435626
-61.172902033832045
-86.48975551381719
-111.61293190086913
-66.21375274784042
-177.75947666390448
-179.0049055835578
-140.4939696235332
-105.3413335426716
-124.61953095929063
-35.94272465870784
-101.46987174845019
55.594698214277564
-113.58780753066603
-118.56780155152211
-150.5171180977787
-101.94189882215277
-135.62341314318897
-80.70118246978123
-92.20969363270876
-115.10699494550808
172.0277090791757
-62.68956441947015
-118.78609975730272
-156.11132171979614
-104.21692905457317
-64.61531535404157
-100.73786012728746
-51.846077782775055
-44.519166180490984
-115.02477222661933
77.58852907831876
-32.62003453820006
-104.31900194671523
-107.30137008608524
-110.60190767096462
-115.42641375963444
-99.98843694350477
-99.00839469619278
-67.61593433269888
-94.61025106895605
124.85024668145064
-117.80266176967332
-56.98498902735463
-72.57822336417132
-108.01107305222398
-21.495335259493483
-161.59512753227432
-142.85587207586016
256.6728231723823
56.69649160629428
-109.0958263767272
-86.79109411095119
-121.70740911448138
-129.18630479400335
-84.19336615931792
-78.00377733101688
-141.5948402700807
-92.18650980375904
