284.6438650336764
-67.51514902847235
-80.1406513159823
-125.49700926630464
-31.241847101948004
167.75840215177104
411.94011375869724
-94.54900303573508
13.190410737784704
-57.521615847092946
-45.34198092627639
-69.06993728393279
-136.80309205582316
39.811513276260825
766.9989471285131
-98.92734726491942
-79.6096326903401
261.5793367415475
675.5253598194287
-50.821994185040666
-4.5061426054383915
4.735385887143295
-150.36188284169583
-6.534194728624885
-83.81978410076272
-80.21209228988472
-22.546505765372896
-45.710631308311996
301.09223925799733
-93.4721904903482
-19.160667441589517
-97.13816305992466
-64.43520596864897
-83.38716307560044
-65.2232975172915
-25.690604649562097
-69.45436857842108
-51.6601570107888
-150.81097225668321
-108.89253163341877
404.0208358128625
-80.96866710302707
-25.787991309669316
281.64583724298143
-58.51415684053926
643.2446492644432
