64.00030472335928
733.5225816010727
110.40920645761611
181.56840641434178
33.26454915729546
-108.41246155563945
4466.089293066551
44.42478731164937
681.7491668780035
160.2001348830549
-46.601738376801606
-84.70431163607105
-58.37846302037562
-14.78020703803922
437.02107741557955
-144.2118040630325
1628.6440181050507
-57.40453646610095
-123.32546752824003
255.81724609930632
1042.1670114202977
2652.5464450421696
-51.53607373300959
12.542994517299842
-53.94342635826346
172.9575274474326
364.9290898699963
61.35040700135055
622.656910870451
23.811650746661694
286.25787571960547
102.0791393805008
8139.7532980892765
-72.13008384312869
335.2870575809138
-59.62874326730215
-42.200015219487526
-82.5246064774634
374.85332041009895
-30.067152671371325
-4.367279561977019
-142.2729693206218
497.0040468848804
537.3566441537031
24328.914022216
-60.130084589653784
-145.26135314502469
-93.29407605997186
-67.41411854048512
146.69033615637886
268.084938901538
59.66877194828941
266.3233377403817
209.46361538888823
916.6048465058849
-67.33378363013153
248.10677082326538
-84.20577516982618
-78.68870179799183
473.59861561387135
3420.1070584042636
-105.03653825014372
215.29176207161981
-79.01578996273808
-38.03443100509002
-55.9542704562207
18.905247759488404
26.66299840472007
6747.722139221221
518.150440597321
459.77832428177777
72.1388354350075
12.95790324723705
2524.684219566127
-64.295472620651
69.96191116719174
4963.525788077796
234.54235262942788
656.6636131915084
-85.94923551016264
165.10268727360835
13.215548445162554
60.071520998808325
-30.524641371772002
-119.90679528391776
90.247764284031
23.84430003125784
-52.55124979430825
8821.935820315595
-85.36234899963186
-8.061051160764842
10106.128428203838
214.75457063154457
675.7358150987003
621.7928691381442
1753.8246454428777
-101.69932516214965
257.33018981173774
-109.41953053051418
-43.64833526393557
218.98828163984342
-13.532050822594753
36.096026424144476
1761.756941751978
-67.24732920856529
93.87327771987702
426.7384205188559
-57.78110255279333
-26.343009849020426
-42.22361132910927
218.63051301150963
10886.231957281214
2541.086677076944
27.66326432955173
100.38016727738415
1245.068302348204
268.06443352467295
351.8896775504107
352.2803391423418
-56.00128137848053
-54.71148932638122
114.33147146982425
-61.60146924146854
-59.45328079192938
-66.21997468492191
17.795938929094604
962.8306579905704
124.88652160045746
2787.048209440331
88.32239385830248
-64.76001331730662
-160.57659242476484
738.7634781301108
-19.242695553682434
-47.73015526833801
93.30276734698671
-2.9617196103986068
324.09718927371654
39.05215228858794
-47.201988367747695
814.9881511261323
39.62813483283483
148.1886859629273
7.74443967416358
181.4187935786175
72.70758513513022
4552.146059464749
12501.108516724731
1686.6191435391897
741.65312236925
-59.71549517379987
-106.04295294817864
-102.2013193516874
1214.4703383221656
-68.75172266513009
-38.98166664014916
800.4835501224924
44.061552754802435
-1.7043283408502863
318.0359937659865
-70.00802143116869
31.96462255153751
-30.657641554386416
-97.40007807685502
278.9754542788954
-43.46676757330929
-4.678520847289471
-51.677095299064824
189.0423291325148
-89.12714551749382
600.2710765932139
305.76065752415326
349.2616912261568
27158.222310174133
144.89218882401704
108.90621068961823
-60.171754157561615
-72.8407405212408
16.38911412557446
-28.8452241903337
160.79353104164863
-82.80125347877727
-136.5571934286015
-41.789893508880475
3.6123299884067963
-146.09256764098103
192.44298000904726
-80.7011786797562
111.15071856232471
-109.95907577610323
83.71529013186272
1949.9412457584758
-40.54856936545062
-80.08072929520152
62.9401961438768
50.69684902420738
-59.39079649715788
-41.387896093474225
-17.019736756632415
-26.62634278345032
35.46440475668506
-14.40036070676881
141.14193285693977
179.19877415407052
25.18175598653212
-57.55119064903097
-53.00908060826459
-42.044334928805284
211.15481009587927
-47.720853155755144
24.382934367094684
-46.48822291383459
-96.29930912877616
1569.9007254572525
-48.91556879695045
-87.75075054795343
5936.051528493046
66.68271478224945
-57.11491598628747
-61.64815148359787
-74.99226111176425
-75.53848172328087
2769.168057251941
81.62275450468276
1032.8341500725553
-45.735207570562
2416.513803045613
50.410750289223756
212.45719308754988
-31.575657656507936
-63.0033368574261
528.4777430052982
399.4101388618926
1135.7902304649015
202.1687706138155
-48.633885180375415
20799.358827871318
238.20689220455955
5479.4621278035565
19.946084124005154
53.34490308181928
259.8748184850737
331.85117467394025
200.77698455878075
2735.5551154418836
475.18988491242504
-89.07564781275798
2155.7222086467605
Infinity
-53.918541540290796
Infinity
Infinity
Infinity
Infinity
714.5106121132676
-30.204479382311057
-51.16190629380412
-22.009411705166308
12878.058392134155
182.29624609154186
17.53122572399325
43.974136172781336
603.6214679580397
9.080979651279478
501.8930131814855
294.0221584528737
-66.03147607799369
-128.03821973980843
44.09516102722201
131.46512557226075
-66.92472062750896
871.3092812885859
58.14180082513454
94.40293257298407
58.25128706360048
96.00115647908746
99.02186430374678
508.11437718849663
101.84847975664167
364.73902303277424
13462.0582009891
182.7169715741683
382.9592098666265
-134.54970685353535
51.630838736184145
68.98031285234055
76.22981625708036
1110.571677966513
-50.385319569122295
5.802170320942563
-64.62752402382553
348.3707666867434
-70.759638889756
-59.57043804389827
774.1512132850397
2601.5394709879683
43.85796427739812
3249.7172767325264
-5.527954864828654
-93.88149115302046
35.87244566135588
-74.91301282872777
74.6106644507731
-62.457713759096066
2138.011069554137
-94.8080823295833
-91.45552025515728
Infinity
209.48435151154914
107.43936887612549
1505.0221286388205
-73.14870688163431
45.06922469887971
5.6690144575039545
-79.73043148860594
544.7738488367097
-63.95543559480089
-21.93751866273083
14.179647690760184
781.6277610108939
-57.39942863955377
-32.588750660431174
18424.436582076407
-12.101378406061105
246.83502457336792
356.9933110360896
1032.0103518496292
10997.428983285185
Infinity
369.67815868715076
123.045885387285
-80.71284274070061
199.40977351358492
296.1536661134984
547.353115910064
6498.50537158319
Infinity
173.08170851332747
3.6045132977472063
Infinity
Infinity
340.01258993152464
-50.46956524165217
-72.55747303952299
275.6677770033943
255.36291148290405
-151.63513763026043
-29.707970749409444
-46.288754537312975
-25.53243762489295
1137.445728437398
-50.40457881706596
-64.45058205127037
-116.7809422587251
9907.828811693618
434.26425215622385
243.67214681266563
477.474738438736
-116.32693510415925
447.70762131091533
833.7778981358027
236.09327883047996
1100.6617177873688
1299.8228449525382
1277.0883729708376
746.9366682579595
9955.730383565819
-98.91256903581953
-35.71776854319406
-12.100380166291
4977.852459568477
-67.75256799304908
-45.65466842540778
7.365008535719966
-10.032133259609033
277.96473653849347
-109.55404069425066
-73.83909367523822
-83.7409749791476
585.3165069684068
69.37371934657912
161.2253288602109
-70.1703132114218
12068.341925844703
4665.353161961532
321.7313480784698
363.50322151965486
77.82832945157166
13250.447553127453
119.43849557228117
131.4849888426175
4591.644500177712
-131.25454276699074
110.42349131962891
4.290543907653894
-71.30220283976304
-133.1350689784139
115.32401680291224
679.804400767587
-36.487398050328785
24.23863824377745
414.05521762531396
-19.32263821272138
-36.025168056042816
20.631697628553454
-72.97989763482929
-57.2830981123164
1943.4492212948185
1999.5143628817189
554.9868792952177
125.64804832515615
-24.243599338384332
142.85994293158726
331.35315228568925
83.73518681000124
1940.3093118611362
113.98862033414608
157.7456151655101
-107.83463116097052
814.4026095252093
-89.23336863217155
5195.5734344986395
14.807977052477803
8913.669610202061
66.700381363902
1817.5513546020804
-30.24341990561828
2970.133132901522
-79.63445979970258
-101.13344430682506
584.2175216103519
-3.2488420383992667
766.1814969031648
995.9482864373795
133.10241302913653
2354.0876047455117
-88.71763409620304
362.02617229749256
-58.417943565803604
194.26530922301257
103291.20415253103
166.22466963258026
334.12892915428597
-26.926662267369746
447.70178472728725
-94.54901971499513
-84.76089912539575
309.2720820815168
-65.57254418351665
425.94070529399914
-54.12813845510777
430.7179474814306
898.5536409685777
2946.938908453964
-126.14646036096984
33.83574233542967
-22.955791578805997
8883.138732948415
1801.0543807446725
184.5704405064129
1283.8824182274864
198.65315791085953
-85.04978480171492
1063.5422779952323
244.45398828628774
Infinity
Infinity
Infinity
Infinity
179.69979007503446
92.5213369631988
100.47633075286703
-93.55478452722248
-10.925488866062675
27.93839586878787
161.47782048416542
255.640564265793
3054.585646279551
39.28788765880052
164.13868620477808
615.9032894918944
-8.830426800594159
-77.6437913315381
830.8645608941121
2255.4983082642057
-23.476907036265573
5842.279754470282
246.8976317255719
299.8009448993801
13.97004103664271
-132.66526900861666
2089.7736693659267
221.3445807982354
7548.150684968357
28.45074529977876
450.9961891546876
21.905193931929897
226.03427521733977
-20.192345398530094
-71.42305333853295
-105.59894337610649
-72.99587084063516
-78.01982783563832
148.3577866777363
-124.93844921381779
1810.5594456285833
10392.347499718317
-159.58264630334662
2238.4355775809054
-25.981753337406047
610.2877206601529
283.83567438505037
164.23835941999263
620.5717254958786
-23.644026123257785
23.986281946527882
309.5759402675622
805.0116759466338
530.6292109702082
123.15447769310286
972.490780897115
-65.9197955697296
682.4043491217396
645.6523216778216
-87.6985380804623
2129.728455806488
1288.220214412245
44.73153178647288
141.0010626250266
-86.40323656338124
4002.84779661331
380.7181594663083
503.9418102472136
-29.666890963112067
2495.2543314065897
-74.5458387251995
-44.649256255095885
1959.538134826873
263.9802892941453
-145.07997295247037
17.414471289772873
-62.76912927291827
99.8854711739517
-57.21020132299319
167.70633181371065
48.55544432376481
2563.460579108912
-43.105535054300574
164.6553092112385
221.34486300174248
-74.70452863891997
850.4610234481728
1712.208819010665
-101.32728026201269
2290.30183195916
125.58723896829024
605.3327348923555
-64.05064167766676
-93.86013428089758
4597.371679909416
1206.4973648596615
-93.5361724751777
63.90375680690379
-3.2649385922658496
-76.74585692890916
13.358972127540206
-82.09125875651992
360.38141535921056
-10.775882015436263
-30.085016609631086
19.552266031246404
343.6049193007701
Infinity
97.01196642535882
Infinity
Infinity
Infinity
Infinity
40.168713778954775
2402.4401395731593
112.50814993629199
389.75994440711827
-19.47754470312751
-73.42896129894282
-34.165834729288946
1771.5953844351834
57.07201979034616
-130.16628622536854
-22.135622496933273
580.6177525981643
572.1472107832584
614.0239449085188
-86.41041429983073
-49.677465704678795
-38.347032940803985
149.41782158787842
225.88144413054198
-89.8698196368726
757.6458165469032
246.5598422899761
-56.910189310755236
-90.5476830984012
978.1377446969041
-121.10179370028179
525.5469172713864
10.327909647349994
-86.23824518955574
-105.56407521913634
-35.95172816602086
970.1716095654472
5952.381682274784
4018.2188756114856
-62.57952997721795
870.1556436607952
-85.5706137088618
510.76579514922065
424.8291506861593
55.317905804838276
333.68712672718925
1424.8814254457002
330.6410745980306
342.5514696314795
87.41646319284962
1763.224364554242
2118.175526617953
-62.83054382316776
-109.41550485983382
-43.366093687985106
298.72748967723174
-46.8499131633022
-90.18316708680022
316.93612313996806
2064.3269423224037
-76.8953545321886
-79.91499879636623
5001.4767539640925
4300.59467706641
2632.9144600535255
-89.15904747015745
-7.592062105307656
193.67143099591493
1458.0796407895725
86.16553919842708
5418.144807841502
-45.340258149397606
-89.68905020459562
-106.67318706374687
-98.3475018859493
-20.31679618181951
-57.29902369223364
-47.31589713492559
93.40970214661309
-16.892784555186495
-59.92771179171672
-75.65829108552103
114.5567911817398
722.7141145215786
-85.51631174440188
42.030621785292126
179.0908694486988
123.6048423781369
-92.24598370500289
-89.90021691802889
6190.506333024147
324.4036171013459
499.1321334787624
-57.90865173570911
-101.45133782079076
3.8201711195863215
229.53890153436018
-94.57683333413789
-95.55246395820146
392.79103056464066
146.9577139557901
-66.79941821300325
442.220619109665
-80.29958454206805
557.6683796274204
89.35299336770578
3317.916382686335
-90.0535860006744
74.52249465000506
13.328112561075486
16.303006199462896
3.00781410698613
-155.31493485474223
335.6553491287131
-32.00311183437762
798.1475908609617
43.78681947409609
-64.36634228801535
268.9672928310461
54.16735826384561
-63.25263602697221
-60.8186590713515
1967.6358646034262
132946.76268184214
2780.991644541251
-64.12347083052195
-165.90475479190906
16392.05684619714
131.36131801223385
707.229086864188
-18.268213599134725
23.16919586083082
-40.29303838643847
-149.12993762019056
-29.636922078846993
38.23784810363186
581.4602260630877
3672.31298463514
539.0639740133043
667.4402710994918
-111.71768604011538
-99.11823861517168
26010.355709034477
1365.5862600548933
-16.334649063133682
539.2050189669113
-3.190315942220553
-35.12972210027089
-127.91867495487524
117.03215976813081
-103.48975439627172
-0.9253385464801736
-53.17902734307373
1639.4338455573377
792.753915405207
-36.03821792217902
385.11971491153895
43.10268209618562
438.2786494282471
385.2173267909449
-84.57019797697042
-49.49159325439395
-87.86748477301452
-59.64521547880277
751.9367686237655
27.303931738258903
24.39497886095373
205.9213212363381
1014.2539081929128
-104.9797305229918
159.69027747606472
465.2523885212072
39.10390943844243
3813.1914864245514
-180.44323803125664
85.52529799311652
650.6468297216765
-28.120666194477934
-78.12000002169482
273.52398323391446
140.8266312111424
-117.93949245417866
-93.3770599673965
3312.0093481913937
-12.794048406403837
-5.799400006619145
-77.34993519532222
326.86122334230095
3052.957258108411
-67.52554009092196
1468.038769006829
-39.732296652543894
Infinity
Infinity
Infinity
Infinity
Infinity
-113.94602483444821
-53.88499831532473
2086.180951567471
-83.78304509150217
-48.625096646615305
83.84171768985668
1190.9640182294834
1738.2809569660967
333.57928570280455
73.84559777006547
62.11746514832308
62.6447864973521
62707.4566037293
5.661796844715483
-8.840679957125555
-168.5234916807353
11304.73187456009
1047.8661629154415
-59.54376531020373
287.44499991152793
-125.40277242764088
660.803658785957
-156.35317551331335
1088.2123551865373
-83.41557917981228
345.6686799646389
904.7913697817309
79.96478650075326
364.605954230591
-70.20122927144209
-69.51766957311187
-8.147754068843968
670.5770285823397
350.85118347347003
-60.536149543745
16.272222736744926
-105.79718640770547
123.20614340742077
62.6350313515178
2311.816011577235
-26.786188367840047
165.2891972539358
-82.0775050098195
171.54814996517132
340.34374458765404
-79.24269360459564
453.4640399013522
1428.52051414838
-121.65023279437895
18597.61049108166
-86.640880485637
26.0697927915124
-118.18119397311524
520.3413954542166
-55.883495257666944
-16.842275617690895
-80.18897898603335
22.776547146874687
4.664702527856216
774.4904662997994
176.86460601772956
71.42900631227934
871.431380125596
-111.56147693494857
-46.152427956783235
202.17380375422948
1422.4797415436713
-90.60056255976878
127.83130275549058
810.2893404332171
429.60616480664675
237.5335046032833
80.11989238460292
-70.49823199961902
-58.67348566105187
704.630198786897
Infinity
-22.299154343175513
-8.374054616765328
-130.7035821537745
1699.1496954406148
-75.84289667606012
989.3119517561803
35.4473725148205
121.87228136781096
3.4455144612949047
7.152820554118526
-46.13316436118496
426.9638027239224
-31.18323853617764
96.4437126889861
732.0715855301457
5597.0727624226
2262.967018958215
-65.90775720404197
-2.988378896765667
-58.38631614748939
-38.20296404197357
1075.2403786056339
-39.209094525026764
143.86111353931244
16.14876848266854
-53.08508082598841
-84.77733124906693
597.7192819959799
6370.509484662436
152.8504767385034
-92.77352889980928
318.6503562918088
252.05946241269015
2039.006923853528
-1.9388647158397982
47.06398994811619
207.79808278142
843.87724351982
-66.67127640609151
-82.33422837714964
-15.15395581389825
-76.38385066939894
-53.70362967549855
-63.70241841199338
-19.105857009849935
107.91315018379026
575.8616596989394
1267.9752822240455
573.7728385379356
-58.71986255344504
15.462951148689967
947.4539927939079
-99.60259724106594
2556.0999908890335
-76.85014806990829
1612.8729261843782
407.81116798416326
-40.4732968463917
1144.6193663208842
233.5866489119561
615.9855698474165
84.32788073816614
228.64719633002238
12.157953666062792
36.454600890847814
-120.87131635502072
-143.37150562852435
1235.1287501892994
441.14736162069886
-62.05023521156158
-69.17921075727341
80.33520341732472
-54.6186500861005
-103.47569800984488
29.25619887115225
-86.83793532307085
1469.853704732709
61.25465090368827
43.302950335937425
534.9082319489384
558.7919855585745
-81.53143046198072
-117.40031473844276
6.561768744673847
-122.59752525978114
133.45546048525975
785.7945822943763
1304.6658556777888
721.9073133032457
-24.475259716065512
431.40606698349455
-38.483206604871995
-78.61686248679858
111.10056044968235
-85.85002027006621
217.46132884907232
-85.80249797915707
-88.86795000737344
48.40477152565712
45.060483861467056
620.2096228792728
-14.795376633805711
702.5599972989203
332.7338656663149
-102.92685393915231
-27.40970090560558
44.04535482797474
-12.60686537292953
216.93291081118952
46.60647728053873
149.66062661256242
-15.872896196221294
23.503217570747566
1903.3445556529143
892.7270945628128
-30.66643593894308
103.08986395126053
86.30669023960934
1680.8959585275768
1083.0042801660568
1889.646576958788
175.34571126454628
4034.5554274294423
-23.384242766371816
654.7820970081486
-65.61740449297619
52.830343611391804
415.6757280788515
45.252467806639906
-55.67410350983758
322.0759813733749
-73.18354464061896
-43.01139645031974
-52.25472123864463
204.99913906787413
1109.8331067945173
385.8472967623352
2149.639757909756
66.4287157164036
444.61987138788777
45.03208635985475
-28.761932998619127
1716.756473075137
-30.974231729371777
457.21627105310347
99.99120682460664
122.46771171834187
239.79379120762016
128.70217687727458
-108.74512304758605
469.9432958052321
550.7306471411976
974.156443871397
