92.96976191076647
-83.94088766202924
1568.4271370302533
487.5612561493057
44.95815781089677
224.44909683374934
26.249088106105482
-78.79932522453832
9930.981440275715
-42.59050986995132
5259.954019817244
547.0669640719352
-81.7810451086193
589.797049274317
498.9888927309662
332.4632502178552
-27.611256855389843
-28.736048911628426
-144.7781816436423
-36.02908602774005
1399.952667170708
-151.09507625801885
-48.23474582781684
178.3484106585022
330.0349967354117
-50.875364242551555
-88.4326601512395
140.75130915492974
341.0844000885682
5213.38898642064
-37.889708668301736
68.64719985129447
24.773383931808084
-9.159396611649695
143.93707888743123
-10.043203590541264
45.592946078110685
6.556644956603656
45.93309050947995
-53.602451696566604
728.174855792512
378.5416218348094
1182.1938869774265
537.8335682334729
-83.38876394824925
9.144809022178551
328.8166655694376
-4.600604397357711
251.71427658158328
-58.589106139963036
71.40383516160101
-32.684549774597905
-37.226441488626335
-4.241924303787847
1306.2205084984373
397.7324081926594
193.36441878472726
76764.29520359014
197.37160317677493
7060.5205416582585
-62.023608429805094
450.47420141239127
-77.56529468612706
2.8285187924287207
28.505513134737704
-60.52152349326654
289.29470202014716
564.6858729372229
291.02295687164275
-116.33438770893784
215.53822838209905
420.0893843394604
47.22649775750174
74.80085591120412
190.6522741423919
117.38628315970134
-142.04495494362246
-87.82303311511563
-80.04970580633481
922.7229278279638
273.4888077136051
772.1278220267393
148.6366290798675
-89.35959840771667
56.622572100359854
34.70584665767817
220.2765742587105
-40.562656424407365
1160.1775082530405
1120.5207699057462
-19.68234420278106
-114.47436794898267
-80.85405487862968
106.44190895610507
513.7398914385261
313.73956795434304
-23.599872909084386
-110.48762145992758
-15.149373806157222
-117.88906045421918
1417.4104751135133
-114.83861044665545
33.596817344378785
-169.82407750419233
100.65150329268711
-37.399964884136196
178.11769295799644
-28.014175512153738
519.6242421106192
1766.4507103274902
259.3601291636941
262.2439978045398
-48.787419796992914
213.5649001240223
-76.68199264317929
142.32899281183674
-63.55480104154675
98.25688889872924
9.149033984040472
147.16536412300238
-167.7195632909062
1141083.044709903
154.68214469894647
187.1491686415725
1724.450881436256
506.0260891010041
5296.241350827261
329.3097545691233
485.1066361970007
161.10662391149486
-35.03840055601816
-31.745016807383394
737.5978185973403
320.35404929095705
284.27262050422127
-177.59486082546204
1097.3623445413318
-59.46129670236025
96.17847966772159
822.00880436639
168.38159803172042
-27.263654269668717
57.54184821626377
116.85215407287227
-90.64369781856617
-28.552802974201345
157.26056138388554
-99.8392053041594
-43.34935861295469
4.939489239365491
-106.53129003709847
1066.4317370733538
-36.735364938983395
-55.69184561798543
8.414936978087786
1269.3783179875434
367.9130897183978
3.764589174493977
-73.53847164065607
725.8316974004332
-84.86569295692595
-33.770578796625664
620.0454070692939
131.79661440019203
-33.22530692336563
-10.534395788367467
-85.51468709427839
13444.03157563202
626.3201706991741
751.7584141461585
-13.659608928427154
-2.2294275400810504
194.01893265761652
106.17097163754964
72.72140870889741
255.6251223869301
-29.536299552415485
-36.5593791717057
15329.718132418988
14607.154909174391
112.64629084725335
14.520302406950304
40.99664908526692
-40.74845471164056
-73.15222646887932
144.83669942876347
-140.80212111330064
-130.7383883019106
326.26263542983935
200.22373233338772
-114.74285361977157
2509.0851208837576
675.2389960623545
94.56100073234542
18.007606613618663
897.0487082130807
-60.99251383943305
-14.558923772803448
31.078232855566277
1755.1386761933486
21.570838283446424
177.04746046936987
421.43439206347784
13.516789567841657
39.83998484396001
-54.29761612875119
145.0856973707171
232.3247933507087
781.7894351954602
19836.90405403878
28.972380515964822
469.58682517424046
617.0004291463408
-47.46584089333083
3713.223276949966
-36.79006999498854
922.151330844307
-49.689053180846514
2000.9740122858511
-53.9733267538171
-136.70824092360385
201.41505818446262
10.729690176036556
1467.4946117433722
44.864057051332146
311.91647991291325
1198.8608376172806
473.2943168964787
1150.5765475315545
210.39191275866924
-81.21404007119764
-81.80814614040106
586.9869900502433
-83.55985607055288
-31.907791209934345
-35.29508963855653
455.93878072589365
-74.75511347802181
106583.75252138186
-48.02955536951507
-66.31749605200689
42.22235881389575
41.069672572190065
289.3557691653116
1519.921456486117
861.8643746857492
94.87693870386079
77.8716055257425
94.78140807081058
-127.89736870489065
-50.89900679797984
-25.676217019749235
203.17163198018739
1170.3280111897918
-16.383625052407346
178.2938039912005
-58.31165203440418
-91.6865432812731
464.04585094447657
2645.6338240206096
5.161080727288699
292.8217097024516
-179.48981650212602
-71.51012961055898
39.44458160582013
13650.265605220739
-95.41857597336995
-99.5471168159239
121.10827873354627
250.68803734834813
890.3540142130965
313.3654276335242
160.75642344882283
269.350422389226
1486.1058433589299
627.7944845752152
1066.7047758029398
111.44160588251869
-40.325207123476396
-39.781224491164394
-66.65648966687557
-34.934883680287065
-62.81054895355942
773.8483973689888
-58.52849478576465
-10.961352507305898
66.35344382210343
-95.45762648680893
58.407542491391794
-79.99390641577536
-113.61939108201997
-47.59269314021819
504.69695892497487
95.0806667377541
750.9920064850363
192.0816585012862
-2.7657115066959306
-51.539484510498646
388.80901883215574
-37.787815233069296
142.75388583687993
1318.143388024122
-40.36068056981637
-7.799886518273531
1633.4554595060151
0.03725054439514608
-152.10565965036452
690.9822337668859
127.39299711507692
1163.983782392957
-48.561747634168526
-128.4587528479254
-119.7679747795639
508.6802769176905
3.8922589091344326
903.59490955942
58.017719474018065
-5.884316837836435
-67.23293048190078
1799.3910061398828
-57.855033558565346
24637.357714125697
79.78000274607275
99.58519864314886
-70.49429513127517
-45.783977611913535
236.55808552391073
-91.1456088573715
-86.60290569320131
70.53598475578238
-29.79264863425821
327.02804591484744
39.17372166981999
-37.624543193174524
268.7178112937145
-138.87755042468194
489.5869803484893
-51.50370993698484
121.203645436831
1046.021742776858
-48.413259855250665
-117.69482552910527
-164.5509786989232
116.44862754604345
-92.33592054193018
-79.70327901796807
99.82009412414043
135.7872516424855
-135.0751725369697
-69.64931408337588
2511.890907450021
333.2973380087645
414.70377575166594
-92.39802328175428
253.72356270219305
431.08811348210975
1413.5711934448889
8.0204168734803
222.89569621997657
13.030717370135628
537.5384407132278
20.904657580119963
2222.3494484679995
125.17400459181331
