-79.73735911851382
-58.8998757210835
-82.90597758538159
0.8397141252988334
-24.38450460067443
-41.62609007496071
-79.92654348282367
-67.84815331061208
-64.32593287935208
-93.28135891276038
-86.74740519003244
-87.88071634909117
-49.58321433531622
86.9636049583667
-130.72519716277276
-38.10763647859773
-50.397866460605535
-106.1511418551863
-67.49227640122545
-91.42246464457598
-61.44504197714359
-77.96636551853146
-64.15527970005185
-133.85475568480317
11.474064378304785
-63.817673760693644
109.91741069779245
-122.05075141672539
-60.08038421648903
-27.719564917423327
-116.86465274107933
-62.89697369088552
-11.347311660937919
-33.8705531904223
-134.18348359363188
-51.30719946647655
-68.87640206323347
-124.99319492509177
-155.91885261979633
-201.2441302820714
-91.42666047924787
-5.973723916265806
-106.49873003982597
-96.34605706148747
97.63845574222243
-14.631676723492868
-69.61787845906981
-91.59328910774296
-60.837609664443946
-149.72259380974418
-45.49461356405845
-89.99041705019899
-65.50323455725763
516.3085952037972
-86.35803161280647
-60.10134135485658
-137.63610267936778
-142.9409300305859
15.662335396573356
-45.777085750050816
-112.00302666788673
-112.70000386908123
67.74169368622073
-96.62307488380134
-140.6092999253339
58.982269758960776
-88.81077429100623
149.21796174571534
-163.59408697840138
-155.644489527457
123.8005399889201
-124.99830821878993
-83.00714398606527
-75.34999186891918
-18.288543664558166
-112.28891949017729
132.9069932746315
-23.641483759684522
-44.2827746663021
-126.62154721574338
-79.85636198016257
-11.321281705823202
-17.662864640675526
-41.010432306782526
-27.202276606591845
-53.152263924248174
-89.65596148827635
-70.17676216878458
-18.968973145916934
-61.963287918936565
-113.04925999837646
22.9894291131664
-57.02567133723048
-17.5387050738976
-56.726584193100564
-70.7470525331337
25.039222451537853
-24.561435757706583
-58.288545681313515
-64.60443154927242
-154.85577506991697
-65.20039628551831
170.79495247334307
-126.72035750204898
200.16451942892505
-67.93125785802931
-138.5557158599528
-64.31015344843176
-5.559994501865755
-72.07574910215371
-65.93768651929862
-86.49797165773741
88.7059846213314
-46.70476951165093
-96.46373242500985
49.987806349413624
-144.42720490737256
-4.613765679528608
-59.29492624726316
-9.537371793157499
602.0105376256229
72.05275869682313
-100.01891269297532
-26.640946194338987
-29.525141262332657
8.706062547996385
-53.171293863818214
-48.322734849167865
-66.23054152230279
-115.56596032023886
15.937040508911082
86.91551961256494
-50.08175227278334
-33.57449667454884
-46.82474821587251
120.05323507032588
-120.45220693406249
-62.26043709973624
-37.18035448060267
-146.20827139696763
-76.1367045279001
-67.71916588441081
-34.60371275891424
-128.88217520835926
-79.60454973445798
-146.78354849113373
-64.25752137163327
388.4506765853059
-90.93520518483487
-101.31857814077274
-161.07304450195178
-52.98427809390286
364.19380844228056
-40.009499758391925
-96.83109706421106
-69.72302596449671
-36.951374009372664
-80.23611546300734
-66.85828421540101
-93.37528506071015
-180.7075200097738
-69.84985655175083
-74.12114496531525
-95.86373445902335
-46.470773936840104
-107.70341501835873
-248.4122316485289
-93.40047994541959
-145.01611643706
-70.05709539835266
25.412490389253655
-45.444288679679296
-12.227413343714707
-148.91801599890277
-86.10052326985064
-50.735970011913494
-172.9034224808096
-60.771525718196905
-29.63862646036527
-80.35580711665276
71.70346270539747
-133.51904516998192
-124.56259718382258
-120.03042886161703
-63.59938276215088
-67.87893053698788
-124.15874468055408
-98.58197714580773
-150.23364210554448
-168.94425780243046
-90.06166215624731
-54.814983178312445
-134.15617611286623
1.0650483655008125
-66.2187407848658
-66.310425061212
-66.19286213624277
-20.393281026321176
-103.02924486897352
-31.415987672638916
-176.5212291822096
-19.619112182542885
-164.43476941508507
45.05075019236901
-92.55246899538484
257.5914596869562
-165.3428928422341
-146.40479301494605
-65.20168276101668
36.62418875217619
-109.09170846314885
-45.443021017936886
-79.20521558134494
-107.0720041180061
-7.771540266035873
-60.61413424643099
-10.959940262423393
-94.55782358562165
-78.97067089965651
-14.493328444018925
-125.31231231762266
-82.98101909060551
-80.33750816997915
56.489727043224654
-36.98849341326595
-97.65677709112634
-25.168426832621098
-97.12782535503571
174.30007033889453
-117.0259764417206
-141.36484385707993
-69.50318166126824
-48.590321459611815
-86.47142501109916
-73.27357436589442
201.1772230326709
-125.30919258270157
-66.03800459258773
-69.46091427472186
22.744972941577583
-73.22291051152088
-113.69601669087075
-113.40116132719179
-88.20008945290431
-8.015962856981517
-106.4512201788801
-79.63512624381973
-60.663799186618625
-59.46963528487705
-88.90800581814965
-120.749152943397
-89.41216391699041
63.67806378107749
-79.87684951940598
-46.53119692635413
-61.246409240688074
-14.605660362086574
-19.41666765317581
-60.98516422496302
-77.44985101602582
1220.5769034423793
-83.32244851403476
-139.13225413446423
-85.26112250170713
-131.5228724212496
-105.36590082519231
-31.85483906316304
-60.75332740861761
-158.4176214645376
-47.06304131165202
-56.28223708213167
-39.38805853195721
548.2626080452011
-67.37379280206322
-51.101913635799306
-77.39193502333583
-86.67051567159483
-108.10958372262739
-47.487960143797565
-57.711187543734816
-134.84326435891418
58.728845046528306
-89.15930217777375
17.57271499096582
-65.8619682972437
-52.164230394009486
-33.9726466105125
-140.50896609853547
54.95391393028534
-10.625018894675348
-139.29315112784076
-71.02646656439906
-122.18869478272156
-133.61235646777595
0.764527780084068
-35.8123116250928
90.75095812843472
-159.6445712387204
-113.66171894938986
59.61721628940852
-63.24560290410417
-122.94274188993246
-34.910680711882236
-139.42925991411985
-81.57187874188314
-91.06179331082524
-134.85157292302264
-104.13543758804344
-43.43883250931379
-89.47003782720297
159.10587345412367
-152.75289213417253
-92.466121318371
-98.47185155637358
-32.31606374966611
-67.94839825766961
-90.39828980276873
-85.77790488615787
-110.58314185001912
-109.19058126964744
-8.544666529474696
15.703018543809089
-69.30354775735907
-122.21599043672241
157.58040328339465
-118.08809442710817
-71.13675073362442
-112.36807861484036
-17.126137459126006
-87.30800309213528
-52.93474176591152
-94.39337624233183
-168.37278731552107
-60.807394335308835
-115.79105061012203
143.12306088853404
-128.90839153229075
15.689184323233178
-68.11998458853033
-1.551897980576
-76.99040842847002
-73.99647509919939
-78.75055304306458
95.64599527867502
-77.63905701754932
-80.85354560841924
35.461505820391004
-152.24097993223663
-46.95770824777804
-138.83562040836938
-48.04194528566988
-34.532957767429785
-59.94139722036655
-123.54218692260271
-87.46624757923851
-92.25114891659193
-73.48193984634581
-87.11884178103367
-109.10627854165335
-41.33564464189326
-145.5328551541056
-41.542448074585245
198.8998456694221
-62.96825842713984
32.210423806529796
-100.58047793733645
-56.59422758356648
-55.508586865419055
66.17568118347292
-91.64205467979326
-46.8235553562984
-83.12767463855951
945.7928145359188
-68.34793589331926
-99.5189513333786
-116.3235109283642
75.36433446449539
-102.37612923619025
-25.73952151931607
-79.41359245834659
-139.98796484783668
-93.46077208071345
195.48437062990598
-146.832620699122
-78.61691048946066
-75.4167079628754
-75.60678278290403
-88.68161604926482
18.75213307202977
-37.77192722023583
-56.10557776784567
42.602017247066925
-77.85132967238424
-49.46719877675772
-43.30777456504782
-167.13308191490248
-86.48019462628162
-154.39622901944557
-84.40790186115478
-87.21066693580467
-118.75650201100852
-64.4227640703094
-94.96248985069116
-115.48621904411027
-74.69101670257947
-65.56151123419292
-164.46287943360042
-54.543173307530026
-113.29690015951536
-97.7553655169518
-74.42913533129538
-83.22921251594775
-75.66119828734216
-176.1774972064428
-61.83128629939081
-74.2383514725456
-26.61430391323218
-85.97918361191142
-117.32328957247768
-64.90349942000883
6.4042002006860095
-105.22644620090568
-93.41473659526275
-70.8322232795604
-77.9034628387993
-143.23836797314075
-37.609217158061696
-103.28475985471017
-107.35711681553686
-106.81760901306461
27.62843635279346
-105.29305628428247
-106.29078607739129
-123.29308438506821
-48.43649691254295
248.7457393829844
-119.1284132680844
-144.74814497671534
-117.81518313922953
-57.10195652379474
-80.8255049385594
-68.97279467112475
70.25708540935781
-72.58107879914603
2.868300442647632
-62.78188876106828
-27.4141568269348
-66.78083061369324
-84.36936400360845
-46.00419280076613
-98.24713790668558
-71.59320190262758
1964.7968350278193
-67.92926678341276
-8.474760012990863
30.082330355836483
-118.47746689625248
-132.0834201331097
-53.89671753094644
-74.02247819139842
-34.29727554326313
-97.53433221651794
-68.62163073358887
-47.68348493339502
-118.1174050955852
-80.86989140813607
-74.77756828242691
19.8577910559704
-95.5085896280485
56.32682875158849
95.74680209306999
-92.19884728292172
-98.61445833907278
-87.09636886300228
-124.23037568602217
-116.53600409469269
-44.228254292420836
-131.17784387799833
-63.734270600419144
-116.49441047546449
-57.7533473300557
-74.45791303805626
-79.04987603964864
91.32979384209807
33.183261496130505
-84.67680563371206
-150.48028813192624
-86.97850887948773
-41.25777634822082
-76.6321868490148
-47.954708517206655
596.8599443476958
-114.3561319046439
-144.08508874749677
-176.38409121751727
-104.87794946546195
-121.3599618944818
-117.76762718429366
1.5992105422274092
-71.39510070724252
-81.47965151469722
-116.91521218195365
-124.20635886955114
-18.72866674569764
-83.98505935007763
-71.35653562522788
-12.683814203999246
-4.707610442382619
45.334978905501174
-95.714418213101
-119.73618846095847
-48.48576818910726
148.8738735531954
-23.653550843071923
-100.46258721372665
-81.48662807109417
16.4726644483315
-107.87489256277382
21.04439342818087
-64.4018133494153
-26.85297074977098
941.3787262602752
-124.20264282148794
-0.6712798312046859
-50.98365151094789
-66.30414805366483
12.377830925978472
-60.35230663599976
-19.052014991269246
-141.15808702467706
-17.890967659407004
-143.89213091265034
-93.63406100905803
-114.75543466286605
1.283740820459377
-36.75831762069553
-191.40929830912992
-107.30890223239037
-153.05458006297766
-57.27758892698025
-36.874247016582736
281.17609651109683
-175.47188885449418
-59.908445532490006
-46.574406247347525
-100.99487353574631
-71.04006453923927
-27.95970391737584
-110.22442084562645
126.54701366487376
32.38845699963453
-88.30927535598214
-6.792990409181286
-39.46657964595433
-45.95564415148873
-171.72206404299902
-133.07720866068905
-106.87607017983969
-138.4569572375092
-105.9598369758219
-87.85882711579428
-151.36506312317997
-58.804740372709404
33.052736560128366
-72.65417585880655
-119.23920316686686
-96.05292572684522
-133.92266153929566
666.3375507777768
-82.16142784673539
-99.12685710327354
-70.40000503854989
-75.76914446463147
-144.6881915580091
-111.04751841915527
-125.34541752349035
13.029110571045546
-113.32347651171534
37.11551236852989
-28.28810052553279
-70.62489688335758
-77.65206419389513
-103.81222563651409
6.5294824308854915
-32.464764578809685
-152.74921465101596
-56.80367205746247
-9.195026899451229
-36.344496721263255
-24.723158790120486
-74.95408755601134
-151.70288685908312
-27.728981386521838
-100.34978764286818
-65.74227372738932
57.46808123608796
104.12077930683466
-108.33788844092753
-46.368905623375255
-98.18746393565438
115.5913200416155
-116.41225559786874
-81.76393779132528
-63.39991657310421
60.94869329097241
-83.61445990757872
-106.52567315751347
-77.23091616505074
-95.3391747972278
-103.82364614146016
-75.68332406088355
-64.40587964263925
-91.69741788930769
-10.615747073217861
-70.05562314019437
-190.4213758887731
-88.06819070373187
-112.75590554149645
-110.9575702384654
2.364434756891269
-54.00295813052027
-104.21849754888693
-111.98712302479727
-88.5422329919923
0.4405536184699548
-41.85554157062054
-78.23998589338372
-58.886782317855456
66.11075118445288
-24.470319560291436
-46.41328433075523
-23.106303089831876
135.32022002703724
-35.17988317388601
119.23838331599633
-90.46774483289714
-100.26418272756774
41.44511415456738
-69.21015012767958
-105.35157583993842
-39.36116769236112
-67.43261560924988
-74.7558849923193
-115.95681955983275
-120.79519238272015
28.20763907786244
-77.31958257455135
-88.55157480257392
-51.70727180053629
-45.96553078954926
-105.86801876007958
-104.14251896863375
-65.30805469719593
-49.311914725294244
-42.39098366615376
-105.08782001702338
-82.69849643351388
-79.3304108028507
-99.14497896436434
-133.15263557449933
-85.36503997037941
774.4002370684483
-75.63585961365892
-74.72411406111705
-80.90859604077929
-12.403735693448535
177.1470687632652
-68.02556187009736
40.41455864026544
12.885594825020188
-61.765018702218114
-75.7243827391797
-135.65406843813042
-104.95674236463437
-83.99855301734334
163.7178734567482
-47.920080181696086
-78.2099369668043
77.76470717580477
-151.6993538458775
-68.69419669913297
-3.7012837828356178
-96.61255298689343
-104.32976372218756
-87.04417588619881
-64.47598494607311
-122.9763390356591
-85.72937908289178
239.4953918077307
-10.14087912777869
-146.53450541764212
-95.20870383339084
-60.85262671124933
-52.581898076109795
-146.02244400693007
-52.89172171734192
-1.403540263589882
332.36329901039676
25.37833193859873
-112.39132938063263
-105.54932193638352
-21.798569478391098
-101.51622815142694
-15.05268736722899
-28.368027969668113
-9.1011488893806
-51.96149009593176
92.1935654841553
-133.752939433313
-102.11977226918484
70.32854833637292
-183.9219116364742
-77.322739364072
-73.7288728296078
43.94250739462762
1330.6724250020525
-72.27378457149419
3.38212014167826
-46.326557926722444
-111.52882524548461
-105.63928602736434
-41.64830575268365
-86.61170934778688
476.1229344325284
99.30087522444843
-39.66751891137603
-72.44086818982545
-71.00295964181169
98.50588344990075
-96.78124607468607
-22.86228091373045
-56.308077079458094
-95.59209907205793
-47.471365513529285
-79.15323780040208
598.4186448969144
-93.9169726220813
-119.06529365881805
-51.953116004954
-107.63492862029517
-107.15842348133552
-85.18883075056748
-130.1678570281196
11.005170739159851
-81.55240172204331
-129.61389834796157
41.14322579736591
-43.8075150076598
-109.00737212285466
-103.04778022941684
-54.971176325744175
-109.55090049012043
-107.56172125209612
-94.16024213464596
-95.21399303967002
-0.8692823364923008
-75.58747692522857
-71.12328660181068
-115.40723392013457
-56.888325258367594
-110.60922257761159
-12.444989510552698
-59.6943924289941
-87.83214220581544
-95.27357611392225
-163.07712958791407
-16.24801121824604
12.074128128983562
19.814298920416643
-142.4785741356284
-128.09065379069384
91.90564059615281
-147.3669311153405
-158.0452772506743
-103.64438872023344
-104.86142754864974
-51.055710051307834
-107.34826612493899
-75.14480334581845
-62.786711557434536
587.152953199992
-59.83294233838259
-41.713701792672154
-129.0899801094912
-130.50004360377375
48.09030657442223
-93.18801751093386
265.2410185669213
-165.8090552885822
-84.64523279329899
-127.31919453819576
-102.85150591245402
115.29932268105938
-107.44420158908345
-85.65674028597975
22.863316319857518
84.31597237013997
-58.489437330857285
-77.56015915005769
-50.473870470459346
-125.62034154676742
-80.58798362353107
-39.251245363508936
-11.314577344113165
-20.687870754308207
-52.06393361906723
-133.99849283146867
-61.933661324724106
439.45857613720494
-41.67246284944385
-58.585593332949664
-61.7753878865966
-150.7259206960016
-144.74794781658747
-115.58387835024125
-25.776915673067002
160.64442285951634
-22.938787228188765
-25.442767361635642
-48.41382963068816
108.29545321736381
-67.59613467805885
-61.7137600339914
134.85585107663144
-97.23760321461079
-86.63385090744039
-96.60137947277047
-29.835548637780857
-101.90373117005613
-167.13876250921584
-80.35170530349228
-114.82704770983564
-70.31556688038032
-87.95434184758783
-44.36584379372563
-110.23728795212494
-21.49357884695485
-123.24066078041682
54.481892051753306
-115.20869539123969
139.47807174741635
-108.69530828177216
462.66922185665595
-42.146625802898015
-172.30481887701436
-48.17404882817407
-136.78299429275089
-59.333052918618954
-48.6016842072061
120.21398971909916
254.17306533160183
-110.42791008781616
-43.86497455939007
-101.08955239224935
-65.91351975916533
-119.77953106174058
-85.67860889097673
-67.26254170682222
-125.40681799303141
-94.83682169183555
78.1101396280196
-135.03851146856204
-123.25907350571208
-92.30618913945692
58.561868951854045
-76.03413181664702
177.30635141808355
-127.94991838033653
-149.91989988214203
-97.39067468255013
-94.50688587383931
-89.15962410979242
-56.49139168028041
4.973452959295832
-22.70859528643101
-93.56835844727279
-22.744469894695342
420.27967793064323
-61.54132355437193
-68.15646296632984
-61.340207522099064
51.1052857258588
-169.0876000048272
-144.5236508514002
-145.15922619126985
-105.22890677133475
-73.37896809491654
-41.63731786626258
-37.873538071669614
-18.002785680009104
-80.23673090220294
933.6899522454594
-45.39381207354015
-17.31564882861918
-116.92130791042145
-155.37646978752318
-176.8434231849551
17.56758840008063
-200.42962258210395
-3.9112272177217644
-28.650092611711397
-115.03122811985925
-72.27567588576274
-114.79469712691686
-46.46450273140291
-83.69493030978937
-24.14640617374791
-118.70508102602618
84.75341465276107
147.8903610961785
-157.6999043518357
74.31037200147541
-76.50235660647864
-54.79380997921313
-52.63075260677044
-126.66902152110116
153.32605421558048
-95.46643658905148
-130.23458423901081
-94.0797193521769
-113.29999956641124
-5.65612428014021
-62.25057428305373
400.9746697863899
-7.780027166779462
-56.03953268590645
-71.69982007859723
-131.85279465614929
-51.685555842772224
-131.60643787579278
118.6209224874689
-130.07627831526642
35.96370758395893
-88.09920721681516
-81.20216317612937
-80.83743564764315
-47.666375598147056
-50.84780653710835
-18.38968989686033
-78.92927816904228
-91.02923485978295
-149.36230174291978
33.77814415268776
-58.2259278155136
-94.40764213770198
-120.92762515069982
-63.198246379113385
-60.91150902311392
-88.10778189541283
-69.82529158260724
-49.692074413777206
-84.1544273786502
-106.80621444974663
-101.75592619313305
-81.18881141501652
228.68304853483227
200.88794794817076
-131.35094296398762
-70.39042055403316
-93.08305351044412
-103.32880263127599
-109.95256338555123
-31.873317144169388
1871.9176353593027
100.25961845982918
-71.10961090468155
31.072749146606117
45.54534461661477
-101.07053739336284
-131.99747607096006
16.5033810504599
-134.48990808704087
-110.00975388709371
-48.62984222054022
-124.25308587279422
-117.19417943458362
-163.3273354013317
-25.000698871494734
-134.26509733830724
-102.00294261165226
-123.81370005224913
19.6635839682928
23.316914492368717
-71.4910162480237
-109.53868267927994
-73.25806833258171
73.28001853159913
-1.9938092876848614
-72.2959314338984
-81.59970408185988
-154.7720098035175
29.90504003792744
-101.40426323499236
2022.3047826345553
-69.82891023847213
7.534692569017086
-85.11685453474094
-53.83950397669873
-114.75676569459833
19.12559728612205
