-71.04266822599708
237.61066612621653
-66.45392486680319
-102.3123722160053
-146.63815977799314
-115.07936909840065
-107.558860056629
-125.35848367858075
-5.894790600076647
-132.6698982582058
-111.78188421362498
-119.45030367581165
140.13427404303366
-105.52662662425948
-37.938133489003306
-63.71277981210506
-18.33488376255052
-107.16989422254466
-137.36083446656988
-90.62921706648498
-73.50065885712267
-90.91735973839718
622.1393609431115
-70.96031009070018
100.43980004530903
98.2155166856235
-95.5863189162449
-85.91866148687947
-87.95481758609097
69.22911194274776
-52.116114877714516
-100.70978878927134
-134.07366124739028
52.80950228228218
47.40753648427248
-101.33205844808239
-23.08611573813906
58.96178759734768
-118.75026719304881
-96.42881751328481
-104.5683475770799
-78.0372052513099
-30.34139243008188
-60.49742820358586
-70.75718076750051
-91.1935714472603
-96.88699597509873
-86.29906084527133
-135.79682892875178
-70.42773343281797
-129.81455972221343
-122.36377487521192
-25.93432427122225
-89.7859192195097
-90.33998549046588
-139.77160441458685
-48.252920772286515
-91.16068303722406
-48.10481480278973
-93.58660766928487
-95.84098818297079
-88.33874582911548
-112.07674235532701
-80.21980575431907
36.870068669432705
14.608322596928076
-119.32803278684811
-114.5791456831285
49.93052727882177
-89.5036434356905
43.931940399136145
-36.374673818074854
-78.2903564213564
-98.79153613119028
-35.439494525294656
-51.68322834806327
-55.79976349554762
-48.69492429251756
-88.05539998072966
-99.15338620865226
-59.88307425061689
-75.85851043903361
-98.32679966657022
-85.03359578365956
3.0720270518229595
-56.104127673496336
-72.65526938074196
-101.45015893028467
-65.96801110362824
-66.20326372038812
-86.60855917289726
-102.25654364295049
-127.43032174024613
-126.7065416085706
-30.63212077580525
538.877253702416
-113.38303993994779
-159.70326095524464
-97.96558273434398
-110.94246291588858
-44.47146696925054
-122.18874438075105
-43.630223324344996
-123.38881037680426
26.73769716732519
-87.43790452263202
-72.09821465148326
-77.1508613151239
-134.08049740764397
-118.60587594272518
-117.60222410347876
-77.59090948916122
-85.90895259449789
219.0961649314435
-98.62478385395224
-71.62266027149805
-106.73645082719963
-93.55256086093293
-35.768613348287595
-90.26425088901465
-69.30876065030293
-125.00502527207436
-65.72042861410388
-87.30190476237253
96.50682914023328
-91.09709342326624
-102.91127034570377
-108.4098809646547
-82.54146310656976
-63.15758604696487
-72.92858688187584
-100.56445411625445
160.22111093338194
-64.37803822514266
-85.60472029937442
-69.68497134138003
-55.48704553507023
-111.53316945375762
-48.07365807531046
-40.813129048941015
-148.07972255017432
-145.029273320392
-91.174657828116
-107.18041536247217
-109.63243798638648
-114.84147741649858
-63.75413133713237
-92.48668708364751
-11.495650419322406
-56.396177085179374
-108.41249997488447
-31.457374988248258
-106.78919332009374
72.90012533321332
-80.15091340727054
-60.198241785494034
-149.23375364071924
-102.62550526977118
-156.29264457070119
-109.29208523113782
-46.285922799851235
-113.19673732338696
134.07180259000617
-11.971312276895896
-159.69568481949617
-35.15568723022192
125.91849853934842
-0.9145271757276143
-83.43587687290976
-75.4571062777894
-54.05879600634342
-60.04100811491456
62.0841368830882
-126.49444495648562
-85.80378998971014
-45.141379889187895
-88.2883005548138
-76.22062816215494
-91.39634373543913
-45.93767221257132
-98.46173924946054
-52.632284217239935
-90.89356080030369
-72.84172712530984
-132.98755866995316
-154.36915072119365
-84.76159898443902
-94.30655201962489
-106.338771036251
-97.16057274579133
-72.11472712019541
-7.159756530630669
-113.43295405392055
-92.53504596173056
-66.19836242630264
-50.10577140296582
-95.16456538683198
-95.59085883043568
-98.00073047184502
-93.60051461035934
38120.12476630127
1148.8995064834587
-31.827548156155736
-198.2064210523638
-150.14249620889754
-93.47349574058515
29.0124448653444
-179.0739149459588
-92.26203358292985
724.4666139145778
-69.59936997633152
-95.23908428639434
-120.91986239208404
194.05306626640777
-97.95882573317603
-91.70225306863838
-96.32548326267431
-76.9077471997195
-115.55361438782062
-86.64412219524829
-156.63367557688304
-111.15882861372397
458.0615979709999
-140.66035816670694
-111.60474443866278
-139.54785589285848
1.4870336652910257
-98.5632742595761
-138.61739137842133
-107.99849435369936
47.22685912056147
-167.9000097235231
-107.75828069326877
-79.39044114002058
-66.55722821031961
573.4196229310506
-70.31206615691202
-123.45451144138394
-129.27681927940844
-120.9353546253622
