-82.79959281543924
-168.05616885455242
-114.8350766728383
4521.587730369337
472.82097555393796
-75.2714448540006
8194.40810516088
-17.93364511970059
-89.95625379408779
-54.445397622920105
72.84287135357081
1975.6350414062808
-97.37092376423196
-155.63509004495162
14.230642604436694
-88.49520422233118
47.288430948075785
245.93931927767306
-109.17789861393007
8525.411878135503
62.96620749327456
-150.60365247955642
50.88767336940924
115.0369321675373
492.3066319464584
-120.43755396415207
-43.30323928486096
1318.4694898939326
-148.86631844677134
-26.268671346271876
-50.35389316931784
280.1709181708877
421.55973503218445
-97.39616133843568
-60.0280280880143
75515.81526846292
-109.18425749984752
-96.97565279315185
-81.66550288114775
-97.04098567440784
1348.4901528853381
-31.532241489314046
-8.682116907919909
421.5631678817056
22.926904550533436
-186.49272381941236
-104.73412196467098
-104.96128143087181
329.5714075375031
1270.5504775169638
95.56238881549828
-97.48803645802502
-67.97242384688685
-81.80128934569557
-38.88248473030918
284.8869404526443
474.0638003331261
-63.88584621375355
-59.47339298508395
5076.75020369107
-1.896568983822255
-87.1579284842699
259.55745343097124
1830.9990623726862
-34.40158700770473
1170.1051525893358
-115.1224916441082
345.729934025556
3544.0936043753386
-8.557634067546427
564.8853805332445
-115.62920766183223
-103.88072285161414
-82.03587711254794
-76.16984476810352
-28.916398138500348
-115.72196749834784
-76.73764310451324
-161.4851887234381
-19.12062951745221
112.83542072758574
-65.01295870331616
35.101422796630274
-88.16849646739404
1920.569624330268
-78.91882303160834
-173.6790378906979
748.163121113186
-54.6534059331333
25.197363956130733
-44.2995263776019
20.829759295154137
153.21434177387613
-124.37936373481607
-115.68699932347178
982.4106494497571
-118.8855469436701
-16.86131432610881
56.86693069006854
-104.44058059413106
-70.89500527168362
397.8485320012808
-65.78709319091135
918.3874745972928
1691.458304736477
211.66535710098879
-116.12068353926867
432.4287099097428
829.0779545713413
85.22651232487969
-124.99220877024361
-173.26808223717006
516.044798484844
209.70368062278877
17914.72940618773
-153.96354968971124
1650.9644195007138
443.26792614448414
-112.92203693366895
-119.92060497472873
156.86841686749938
-59.055891702922644
-38.369311404507734
-123.02543012038817
240.41931062011602
155.03628957065231
204.72226762960176
-64.40534288710437
-65.87481855089672
-155.61259146710728
3179.8332152500757
5601.137327810013
-197.23383044980034
10.743275224223602
-122.9370985819744
-55.38458089078877
2542.759240244861
-46.3883999520696
51.613148346723065
2607.512707540831
-62.582395378247305
-9.620295463825832
-121.844077701723
-83.77073072104872
934.5530112870265
-53.52593406762378
-75.94824961710937
-106.6590140605795
-76.64363406923047
37.54926236358731
-60.17838830871605
182.5275447401487
-101.58117713995784
456.6718742378587
70860.96718748388
139.1995167016945
110.4608670842815
429.49665160384666
656.0342245922891
-105.66117870200918
113.44870216106419
463.587348365624
-121.40791025623923
227.10138562674229
279.13031087483984
105.31743587468809
329.9453364578649
-123.86548265190063
2033.0329699285544
-70.40624520695789
1034.0775086536933
-178.54782511346124
-132.94278788809277
73.96321206210972
337.9699557216712
44.679939739881256
-90.7672119494903
27.39884620664818
-10.394890316910233
64.06069991196247
456.05717978523387
487.43707189689565
350.5386219495024
1.3000081108981298
-107.73784980421871
-98.7634145539673
-81.03743465151283
-147.73413646054755
-120.48864077619294
463.900879927052
50.96834675203541
1219.6157345315753
-55.08665224262311
7.723482700503494
132.9236969934419
59.75312427485653
-82.43021388430162
64.11125983654235
733.932185598919
-155.70500100868858
-24.17323429577648
414.72028137527445
-179.4241408877203
-69.15120019131074
-56.62901870723764
75.9706744132761
-17.51714165144652
475.06665956853465
-5.784102933847807
181.14328904301823
472.6005043886806
-49.5417899485351
309.57539277010943
-104.34445072145134
-73.88790431043465
-92.70770779588175
377.229370085338
-16.17882906534188
214.00956563106686
-89.73507563904137
71.30413709307126
375.3149896260839
1976.745696109254
-54.21843092103338
913.4085239112898
-151.33183479835492
-144.28401214415163
228.5665423907055
-39.327508456329255
-135.90891959053252
-56.06215662073696
-106.91036577625539
-61.75241103238925
4910.71972674899
-7.320421683444281
106.8757013291978
-89.22153299593676
-31.502734922709173
-140.0988718497738
-113.36398970655134
-99.33880663430429
127.72227651676188
55.53789621958069
19175.905859897735
63.269777074309275
-57.071001875333785
85.55508038520921
-63.252729411106756
-71.41519205211507
-54.892517496813866
769.4959657370692
-86.91801510502405
733.583001904628
-21.796911102653823
95.87056765453967
-1.9665591375418245
700.2258128764589
-42.00149928459056
-89.1089105689251
-71.26204534877529
1515.4862532038496
271.5785058062702
144.8515078083815
219.26769961898614
48.27976880855445
-98.74262537904254
476.88744708372883
60.804327184318716
1497.854237186007
2580.6281673757844
1731.902914642254
-24.904134435325414
6.189926359591706
2127.3169676289344
-148.54992529177792
362.6716062900484
-7.095563585219275
2414.4884843232126
-5.304430274402558
-87.3456088436888
76.42181385087225
-113.32232649842824
-55.18144749941972
38.01883365879455
-32.49754434683119
-144.33095067846915
875.3181461706323
-110.11109190205727
-33.33685956289242
1402.814961598736
11129.605664613093
49.36634494114155
-125.43898103754948
-138.80242390808036
-51.38488886831756
-165.05354586986937
-32.99388844191483
54.493095787992864
-61.97061370000905
-95.65574199399161
-67.07026144306909
73.26896839467874
-53.24998353089586
1622.961808783741
448.5002089446929
64.45275312382786
-86.57534093827023
17.31329731882516
-81.51580287918243
4429.890122013372
-95.45969135315349
-126.25890499813613
4007.3725849857133
-122.43026326512059
-50.97898056630103
118.77189555802775
1.8424465363290237
-100.23989524424535
34.52819732272705
-89.44783903555636
-71.99789681910734
8451.229249581434
146.25601753401494
-14.986249925870407
224.7224761495184
836.6353636862299
-110.79713711979429
57.45712552935927
-73.73113495737887
752.3841438065967
-25.587217669354366
-66.06696489860492
-68.19540900241442
333.1544785973703
365.45948679827546
-112.51652362266793
-115.8611603660049
223.91911285489613
7613.606612456147
-62.976463921702376
496.9670606875692
-32.22594632263374
138.6205296233092
-94.92522287389221
332.1740678326753
-113.11973076228334
64371.73333310765
-87.97943885264797
5018.142364352175
806.2559073290971
-109.23595965676047
-117.77911602893714
1179.7520005250014
2614.3066206552694
17.826818910449447
3.4540104468030006
-95.49796282830846
2281.8528954823023
-38.688116597535384
30.91095432758377
-108.93996653232112
-106.79865655031111
0.8869300932572342
148.4984877433973
-78.24618740253831
-50.323189715177115
-60.27116649557895
1274.424995462142
14.298307309013458
-108.42536490961862
-76.58486735235007
-171.59930167787957
-136.96060548644505
-101.43241838561428
-144.5016363091409
161.09884691590506
102.58605754956463
416.5916144195037
218.78443942366215
-66.18344528110964
148.66543304778725
26.003511041719573
47.617812052668235
-44.22246438173249
-15.41921286222698
8.088933541951222
-135.49865563230324
-40.51297991066229
6555.92952371715
132.38640966036525
-117.74441957281537
-72.67684672477783
-88.22345463936944
-51.97921093512149
2069.383249632983
-39.30046148319333
-31.543900166557393
-17.904795460635412
1702.5603137466067
-17.37375863374674
-96.87089610860954
-40.09586383370502
-87.66269322591161
1003.2738982147298
35.62071957911029
178.91827669622245
283.1428452937516
38.79650678367332
-107.3575125516331
771.6988706848408
-96.16753351431856
-8.03254791949147
59.87950212329749
2148.7859106239944
-70.33524755479571
-57.92491944930951
9577.21564322824
943.7581866980697
56.962744952226
-34.19024616600527
254.18900855034335
-59.61704277070415
5884.968529071367
-112.34923449542907
Infinity
343.60850642928665
-97.98575146038957
4845.415207554574
296.5958923811068
-92.58162893846034
-116.57521240327083
221.588758342527
728.0730434665059
Infinity
Infinity
Infinity
Infinity
Infinity
Infinity
Infinity
Infinity
Infinity
-128.66557800651898
-153.02144203888096
200.6196195998064
3.8693023630509553
-85.00737523600449
-39.60006577876336
-127.0603223690278
-53.89941615629496
283.39809278835816
-54.04826115211959
-112.18780511009842
-106.6695766275767
-92.90127326785883
-130.68016445278008
288.11675461269186
181.26847687602606
672.7762429493179
-96.71150435178906
-91.60299985480513
-86.3190183431963
-115.11169259995005
-28.560560341917466
-103.08333226532993
55094.73112254264
321.24475629559663
-121.69184020278294
244.89556977590334
15.481540986033924
297.9006482839187
1582.2895423018736
370.026263057908
80.79628003885675
-53.21920047515393
885.7214920392519
-42.428682616250484
-113.7224019736407
-88.90392675087281
181.48385577118478
-143.74255150101993
-70.33702969467764
88.84670324935038
1413.4792692520132
5979.777431289895
114.56105959206498
-123.60548729654371
-69.09352113431922
84.48154197220077
63.59443664507038
-46.718203578847664
29.341405869598436
1130.6181398580916
-63.15536094301871
-224.06236250439832
149.91335640871785
109778.33211652201
480.94656938128577
361.1113808762428
63.09498536375222
782.660252057591
1175.7986757203314
-100.97424092079811
541.3762618281114
41.64540668412351
-73.93694294220418
-54.41170350631209
-92.07424513734647
1701.0985252091307
505.1318888204052
-80.28598444408111
-80.46028995786106
-61.814001648962346
346.9247309500386
-68.88389088222841
324.53705052937784
11.25970180259368
235.90970018924153
389.763267638628
-47.82185216967643
-40.91992562763208
-55.01683494500999
-159.25784474176047
198.8681332770869
-154.16701914970199
-46.3806824977242
20637.31599243829
16.669339906474775
299.21010087328943
-164.3490968378682
-31.282187581788282
-106.76967000837145
-89.65252757812988
-67.1309758499718
756.3616325553932
109.69546781931177
86.95751986350184
39.43622676131483
-130.24248794228268
-60.70308199190381
-106.46188795505843
-198.26434531859252
77722.80756031361
317.7520788727867
-85.8721914011017
116.55957560422075
-131.3559032621944
509.1256511611938
64.90948486619477
383.3251229605953
-110.21411442109984
-52.58787226964927
-42.08559606573189
9.977917306330696
38.18314259396904
-75.66200225137496
150.0216666046106
-43.469585390073206
110.12395795768875
-32.84786925454719
-111.22115412637122
-53.32235126395747
-86.02929897535167
878.918026684065
-43.13781762170429
-43.972541369936
-83.05943934420362
89.35458500541286
-132.79156284817117
7950.223685184586
-161.44301988790804
-43.85584328484328
145.94990567338303
-46.977032244338645
121.19202436478348
-143.08381431292898
-38.717114420201646
495.8716443288566
-102.93234892972389
-115.80809418825362
-108.86581819515187
-192.11089997033386
332.34156987870995
1394.8854423708162
170.09849612053483
854.2235334473146
-96.46367246911235
-120.63153595591719
-35.646511697844154
136.59981485056605
548.3835463822776
4503.54723111342
122.71219525216554
-198.38808585966757
56.40473454943592
-124.08102848234937
76.80914896967785
-27.48911281334417
-144.48060720873968
-67.51356661543223
2135.3238465866516
396.28025765639876
72.75471684046576
-121.64627638234305
-112.51724004612971
-78.61918055516364
1536.0174379642283
723.67988227187
-1.2043595496088269
-75.96100222485981
-77.55304596196386
-131.6653143961981
101.30129337343216
241.73164632969088
-86.71492133062785
-100.76039761745264
-78.46533505911266
-117.58261469712802
208.29139759088216
82.98012109181096
-141.47599587604742
446.9435883120884
-172.74671325802333
-76.78705177936212
349.55000791067187
-151.98259771585282
-14.162874083981572
-79.45055047960903
-65.00273514224443
675.6415581576543
520.3178039333811
-129.9924795494041
34.53806363118795
-54.77822396244743
422.5508106798975
-96.28404098259331
-130.51762508895757
887.489801543099
-42.59098677235844
-92.20004445797139
-25.139985657945086
-25.180398878012394
-19.432980738298113
568.0486962079082
-56.76203575068375
68.28913911236161
-112.58721059353616
81.94124809383707
-106.63999396553845
-127.69716467181063
-119.87811929905497
-110.24913215433654
-127.97853152603348
336.0175472816504
-37.3251861581395
972.308759991667
-64.60420029225436
811.4550908878649
-126.57827030773123
-29.682106010768145
2145.730082007137
-77.6823223592122
-107.23871779887897
1046.8781504114854
-143.99484351196142
-62.620301714470784
-94.84755256666807
-45.266772350299306
161.87151284791926
49199.78537761721
-77.35333482391673
-66.77627829769115
23.813519690865547
-90.73828525345452
134.5663217070091
14.261580718372983
-130.85245229224745
-68.08088001887431
167.24472833652374
-82.80748743167126
-60.80509636183796
150.7507101585148
100.0845544632314
449.85118412557466
-122.93728422280867
2867.4613938211146
-66.19095964914311
344.3071415723657
601.2569274129643
194.6882450769799
284.15727772568937
644.0056789409703
-92.54519107879251
25248.492795170827
181.07603965719443
-132.3724932529252
94.47894640350917
-74.53680074747345
-95.49138767250145
1231.4809941672002
-68.52334619063687
4607.971754479382
-131.46881150526917
504.18654594647217
-125.21039045553289
-64.14367532045897
364.2169903024266
79.12033402212087
-148.154294493051
4051.8851761292603
-46.68499508830064
36.95052136336576
234.4655243707602
-187.86990697558664
-50.73082589840802
10.336371208044268
-100.17476269081658
-112.58823796280878
921.6432867705146
175.8803504336328
72.21933323061627
-123.19029749132962
516.1223054584461
-92.86137534073902
-62.44878799524434
-207.27162508666154
1207.8104325866934
13.254506434921147
1113.1806716248768
-68.78371769647777
140.9685092727416
-59.70121010894399
240.13498167356096
162.40385871767612
284.3972944307601
809.2198348537814
111.9132736104835
-78.63660767006319
-67.21427329693361
41.02518744656896
-25.225430879769522
45.0400212736123
531.4505154732202
42.02050752544058
-117.78239096237897
-34.163465345764024
344.3910833396438
949.9959461731917
-49.037388741672636
-139.33345486196694
442.5689890821874
-124.34892801235023
236.05496138046715
25.059298537278888
215.06970737711268
63.35942394111627
-100.18054207663397
26.168855591679485
114.98413427674768
196.64924704715048
-125.82189918889733
182.20537955618462
-130.20410563715143
-103.86639341751633
-128.60780079152983
-62.66844549340777
599.1560542878889
-115.7609371052579
-115.61540917706591
-81.26672580538767
34.5043333611446
-76.98845746940302
-143.17624422011227
99.8992242504419
-144.65907036725295
-114.7245635978844
52.62707954016987
49.941834812527084
925.8826321069313
2300.2006422922304
115.44677116373708
-84.63493969445459
-27.882516932363057
-26.836203064596795
-47.83543933024445
60.33577485488304
109.95875610719727
-71.4904692994163
675.9932028478753
684.8951744630224
Infinity
-48.19469868837987
-115.01209218754562
-75.28839326236555
-74.82886199333363
362.2160446375919
-72.53539046236439
1507.4195679022246
-92.83990319199408
-36.12290388830578
Infinity
Infinity
Infinity
Infinity
645.4642982801365
Infinity
Infinity
Infinity
Infinity
Infinity
1302.8062240117224
30.548920326579573
167.01574291048988
166.00995733882976
37.037430166346006
480.1438981036719
534.2978036873524
84.38039102758373
236.48066949192219
175.21812138898326
-70.44594101615961
339.2518787405026
-98.06211490177999
47.95123798367854
361.9445875431924
3.169642591629257
-75.51805968730474
-54.00171180827814
37.49003425227107
219.42677898577028
-108.04992725639498
986.676692735663
742.9358257611003
1.6235940795654518
-110.4736744653931
1495.8207352948011
Infinity
Infinity
39.36232997016362
1440.1121370949088
-42.541666508622285
-93.69613832515076
562.876314559216
-87.71772442939702
-44.69640310961794
14.405074186650506
-33.422069639041844
817.8006501846814
-42.85690101161332
81.0506379664463
47.092715542572094
3099.938355013111
1246.5177458559945
181.34737293742256
14.861753091375682
-75.45254676162392
-88.6347473701377
-89.57112865150717
-57.55114486635836
18.776191565938284
4883.993444920997
-101.23084748909018
-109.47901091563767
-47.47287486292701
-109.45917432808875
1197.470080739712
-72.69735432207528
-92.28371947020415
1193.6147106043138
-57.26799538882638
419.7774893335499
-98.28736960821287
47.22163874148916
-79.2652380790033
-5.526525242499962
-56.3466882974516
-16.14128739213272
113.56549496731044
843.2001591079925
-91.792412009508
-49.80197935646446
-3.0378050351528323
-80.08486420426121
-162.24786066927567
-99.74654219538513
-76.3348605477734
-168.10490896298725
137.05980658453262
-95.49873847491133
1200.416805639282
18812.707900149213
82.8216986922272
16.13001112533771
-72.91284618479324
-157.21943840379467
511.7148593125206
-79.86300009709932
2258.22944220046
783.720983250546
371.21216001366724
38.27734451612087
337.4242052838931
237.66958233592294
-41.396081548731225
-111.50411934615911
-92.40268331477056
-76.36303660154967
305.3264796912147
-44.11501370061861
-37.47399004488152
310.9048625651127
640.7959341314305
-186.94921389897533
-85.92995905664033
-84.0826515635729
-34.976222399237784
-108.09611021375775
-48.29816650246107
-135.2096508751234
1022.1447727041191
-141.21178724761677
157.22636487837147
487.063777833876
4404.602130819675
-72.82902997467438
-141.09666057970546
-98.18050488584473
-117.28192579402179
-31.563680001208084
-83.82279583213972
-32.85754040278543
-112.09703083951246
-139.71924621345704
220.30843473477023
315.90090952226905
-126.88805990229321
205.73064782792778
-106.35519728943254
1139.8255336046511
527.5010602334698
-119.98442173015864
144.51058980253575
23.02341191923022
-121.54962457806072
-57.977540524511085
713.8057290753192
62.47413676134401
-46.592465744730575
190.60391850463998
75.03965301709245
160.76311751580937
13.913674048389984
368.6826090858308
1.5577211593708349
-78.02037435759333
-119.50417081125006
-94.271078360767
4522.529220265811
106.27076871403793
-91.72251176396084
-155.47900939938015
811.4017564788331
-50.96727593705537
143.26877225165035
-93.97175564514903
906.7138483817503
192.86443842245603
208.28055763427847
2.0499633493907385
118.66405220876246
6.426150626760531
503.6075188105832
15.060717692936358
-6.976358294236155
-151.36757637045844
301.10469055012425
627.7489732238004
-80.40404784688053
335.93495518931553
-65.96060605029936
-73.98387980974107
-90.68453841821001
-121.84451636078731
-138.83682117839928
47.30434151877142
3.844258977061191
-63.5445120982004
-115.59338812194032
-74.8946569863345
109.25127983677037
-70.75593459037655
21.30327722235772
221.45135228445417
-57.182549225434556
-139.50897417503853
154.59198947783997
-98.89602671884937
-96.3974756415685
315.5285484423705
-75.15682943235812
