-66.91932601935059
-70.15477392105643
-90.67731606371423
-50.21005856784781
-48.90894056223406
69.87351628621435
-75.35579831153852
Infinity
-73.42415369507724
-22.6475812166739
-76.27531912008703
-62.075311786479254
-95.821301691179
-87.22458954340637
-12.029095897168718
-66.88451137806337
-48.299738493459685
-88.0152032694329
382.08514519444424
-104.75467349033512
-79.18424343024387
-189.7680963296969
-78.52352776958078
-50.31188698118706
145.14195117697568
-36.707284200009795
-67.8533712163497
151.68792860004726
-59.994640471411
-93.32550910928448
-40.944383606712265
-76.2162210160897
-92.19009030186575
106.63277496594179
-73.74940376670523
-63.329674468316185
-79.01141216904512
-52.346912426057145
-93.60581520964378
-53.965811877512344
-84.2557401961001
-96.01853230111408
-33.54803351943248
-35.35417891652645
-119.72944416444764
-46.512165546486656
-101.81105778076947
151.2799502137862
-92.8452977643844
-96.34264973701188
-100.3156328257356
-20.16092824109469
-69.56659496906576
28.407235145939158
-42.48885377173384
-20.627200061611273
-57.68382301440636
-65.60716223036314
158.09764369953638
-41.96894876059562
-72.92237947159703
7.673217767562894
60.7821005264673
-139.99001389390776
-37.20314988733685
-40.1426574722962
-53.18766514666203
228.66150321140148
399.9756999517509
-92.03000572525288
2075.3196829871167
-8.854359088367898
-84.83965849064269
-88.44574990249708
-50.63920410417166
-90.15961325497065
-42.12589008570312
-49.79783316093184
-18.556375474374715
-51.419104942143875
-56.76566690005951
-118.23504144365592
-55.45751039321873
354.9138500471562
-17.347471496897228
-92.77961789785874
-63.20510925607815
-59.190780937326174
-136.90619239833467
-52.2890772417616
-70.29266807769379
-74.90942572152089
Infinity
-86.34698132839526
-89.8295082373887
164.97558321703033
-19.691230021341497
-76.08211519721404
-62.34857423235016
183.97750406951448
-54.82130456007814
-67.59413121110893
-119.32562117909436
7.06523683226121
-51.88298437423667
-24.76609394946285
100.46780624881009
-38.076503166654966
-38.86356977146607
-87.80645201478696
-67.13327255982232
278.2213739871036
-83.50542526918031
168.27861715816476
-79.82901749714588
-53.95791521730529
-79.29947588470772
100.42210748908916
-44.14046063460305
-42.03801409400782
-51.48337184483447
-49.27071755738934
68.36002121579673
-18.02825415186407
-45.14940338646697
-32.77074933781537
-23.774820967135426
-36.24883643880925
243.6883183726407
167.7892025304563
-61.78387791202236
-33.78032338500423
-97.14880328632745
-112.01410086009754
-133.58329028406052
-79.17600889631007
-103.88427264738964
-97.0225252068734
-97.23861618162398
-42.19534145474761
-35.19697658505407
128.14235874984072
-89.03504281867451
-91.80872429978531
-69.55239105152184
-39.4376837995093
-78.00517778154884
-46.36450292155799
-29.087986941868074
-106.99476156550749
186.50325933225147
616.7643304879913
171.32296717997264
-55.690677488041196
-96.93593861101601
-97.16645810862946
-67.85594750648879
158.8551231688156
-36.55178696665065
37.29729922407007
-43.528252052925566
-42.09117285055643
-90.19052988184218
-94.5998865543191
1890.0250802158178
-126.09744011550842
143.57128386335484
4.486575894183689
-7.305227584208442
-12.83944113996975
-37.358222230331656
-65.79100900890387
-88.26217423460378
246.42112943329772
-89.96870009280167
-23.432589154602468
-82.59679520916448
-57.40983513182902
-26.43408539442703
-128.72031929562758
-110.35814527842983
-98.72665033149924
-34.37954852969833
-40.78416105493426
-26.326845897342
-4.875382511484176
-103.57840277503786
-121.62393468389583
-74.97337288822908
-87.37262528130871
-72.96735056439982
271.1082169163737
-49.38311252488049
-46.62758367977121
767.5321921084914
170.88958878681353
-74.05297089344145
80.19633917714805
-38.06871990003059
-132.5829025305578
-119.20159214398663
953.6481879815818
-140.168784772426
-66.44535157429647
-68.2699223402149
-61.135131990439355
-57.81918278888332
-43.54344660566087
135.4503943128216
-66.41685744155242
-105.87213238623009
-30.681426097128348
-40.1939494852715
52.54083113732451
-39.496817698763394
-32.73632990799198
-49.97390489720016
-101.71088457150806
-85.4273093683651
83.50006227627895
-34.02185945605471
-25.289911827936763
-93.14630148368946
-36.54876389910957
-27.953608427203005
589.9243832636145
-71.77414602000624
-58.293494411172304
-120.09500220630403
-76.50897256630778
-43.86348939266335
-74.5610391016014
-73.01245319309918
164.30451319339016
-66.72049580179824
-63.78263523051672
-91.98879405097796
-91.54546561517736
-73.94479844013928
-82.46795218309322
-114.71272132811688
-53.90244610785681
-26.763011006250156
-98.14099922697433
-33.25479034603222
-88.60149254340283
-71.67459812155892
-132.7400844977671
-121.33847957328844
-68.35916054665937
-40.11375984539077
-18.985526859672433
-35.42945959340329
-132.72393953835615
-72.75630275679745
-49.96678714344493
224.73201914352933
-46.408770716620694
-59.594944573477235
31.019279562442446
-39.67142120319055
9.664516664203521
-88.43254724157939
-107.429498920982
-111.5366947075895
-46.52816129779093
Infinity
Infinity
Infinity
Infinity
Infinity
158.9089799520801
-36.152331697228156
-112.81599091880129
-104.29247750450016
-86.37924883842594
1743.6637203612217
-76.01190218820639
-17.524282473010633
-106.59021931391413
-86.62801489619936
312.09948135475156
-23.005141068169706
-134.28238284329532
63.10793405243646
-95.65233668034024
-81.84098955900286
-37.500491384998206
-28.193109727019003
83.46178916191442
-90.21766612297148
-48.181946539176415
-61.636979767185935
-100.7159506372521
-90.87167351206782
-103.5810901275034
-78.50885916258872
-32.675544730567694
0.8973339208521338
152.06794108642544
-68.56595551007764
-63.63296599074702
-106.43045483277751
-96.2876375783021
-71.46441844477557
-80.88770754553207
-71.83834375719026
-77.7640927132507
-67.1243875157408
123.74357906934344
392.8887209660935
920.2411496453768
-30.704770162551352
-90.91629436707856
-54.05014434589086
-27.078875861326072
-82.65299947944786
-59.30388538693737
-87.60393391980011
-68.1335022520943
766.8731820395956
-88.80520603629301
-67.14781360696159
-83.7253941429886
-2.4383712045803865
-60.24015705135514
-53.61868092324501
-3.986673786417675
-64.13068390142928
-32.85102112705701
-22.119957861020787
-46.64062732635334
-76.970975294611
-43.64863607710067
-69.85059578299101
-63.927169196445945
-32.0010585806174
-48.73446060570843
-87.7024137282485
388.3211798612115
-67.50264098318326
-6.179917298190631
-73.11844791497995
284.5684854670227
207.92205375869753
-39.00667748305483
-26.883389726213217
-73.46282439608444
-56.05344042512133
-23.466627013951395
-80.07806397902426
-50.7822320211774
-64.15535514490409
-45.79480094344906
45.81119155024418
-67.65567463533179
986.2563974523033
-51.47813710509751
-8.206540908180775
-75.34602980379891
175.5477558620099
-74.27425623270024
-46.2285114549597
-112.83444855193031
-12.826978886598305
-101.86516034121918
-75.03945455413313
-150.85258095831796
-51.88401437785317
-65.356623997591
-82.15959429041912
-109.37780570797283
-42.42606673099926
-65.03958476077966
546.7781012776351
18.266533777546183
98.25137491518396
-56.652827837783065
205.26061451302706
423.1794977495865
-64.37702724374796
-54.228595794278895
18316.73614068056
-106.51554649486427
8.80153528005889
-54.35762518827721
-70.11380773269036
-56.62381350211143
-34.67732095434096
477.9227107708981
147.58479435102262
-40.88265848169087
-61.602917776948985
-68.55097504048096
-101.49836704372967
-57.43636697672501
151.74228896065412
-16.792010533692768
-51.42858385134756
-45.22276265400413
-58.17715375373967
-61.84888662593995
-74.40957930430555
-108.69155805586709
-120.26425764864486
-88.08481655615101
-51.297791101844645
-91.70726584760439
-122.20780324289875
174.48180934158333
-23.967113083654404
-94.36894179960673
-104.13073567265573
7.995264193054622
-57.190159348705805
4126.15292835783
-67.62829729847897
-44.51720975035215
-4.452011195336046
77.50523882895986
168.30352245683358
-88.31225108983058
-124.53813741246238
-69.93603110033018
-122.38962880087955
-72.27045145342042
-66.3743780020621
74.63930533380945
-46.52578641588219
-71.38533395074484
-40.78341583186112
-63.47148598962222
-72.26130536699557
-93.5960974235008
-94.17020555338836
-77.90409747123441
-81.0121399078522
-36.69762365155474
26.629757592793965
4.972934326921782
-93.077101548206
-106.01678982560267
181.05177793063214
-130.34646925123963
-19.24487815089452
-109.84014410150019
-56.61708658212417
4161.583098197853
-114.7762125960622
-103.24584448568939
-80.85757335499545
-64.43601823684035
-54.119668610459755
-79.48202672864618
19.963282369155316
-112.27835833524966
150.28533164175633
-79.12932167057012
-118.81057909365438
-94.60302644461368
-78.92013996368009
-116.86196135663496
-65.58446378100383
-32.40643342171568
-24.262112802517745
-17.724495164814495
-127.34901578829695
-97.56974501878146
30.70226216091295
277.3466757625156
101.19503614835108
-58.105951990921476
-63.90229013067328
-4.2260925323726894
-28.43160768897673
-39.539266974902596
-136.44502997799916
-54.06022282304377
-19.388932551593875
-56.03091161076737
-25.83329323759959
138.5809848015952
-87.3773796498743
-59.177798209547134
-67.52251135636247
-36.076077341468164
-41.15738024807379
-44.74128506487422
-112.64841455966175
-93.628112090317
451.52208164359894
-29.81603190808213
-76.90317902676628
-71.89121366238085
4.521881348399659
-17.459497166942956
-66.9161988984711
-66.38471549384992
-107.87040041060045
-32.90463205369371
-102.92143171733123
-99.9378898194104
-79.28271926546951
-63.26518125797008
-99.55371006860464
15.19381396015437
-22.504994771833353
-57.83100488537783
32.61558056531349
-91.57665085314227
-54.8474591706733
186.47899022215847
-95.0503582018117
-105.54677629059698
-103.76853406590568
-60.69056024947446
-81.46699722309071
-123.82602825429548
56.5016392650346
-95.10529915614613
108.62812292755777
-66.97564129422877
-73.39834606601833
212.65683735412418
-88.28215443388474
-48.65835364733052
-29.11136824446074
188.86463005334554
-112.83945909030801
-14.85617636334784
-58.344811245686316
-83.0289121522308
-121.5255166814288
-99.12620742841142
-61.87727792734426
-41.60031716889644
-63.38646976562583
45.26818213464395
-53.07636393639331
-69.5716946961774
19.17593163053807
269.19602268227277
-65.10621979446834
-81.83520755692753
-33.00638512321809
218.15005065596594
-36.014694766138284
184.27363544530675
-71.78273060465055
16.341983629700344
64.7148551093501
275.4959755810803
71.28173170922736
-83.58445308661994
-58.03230883499386
1484.3476834612934
-80.69544595438076
-65.78620914586534
-7.070060907996098
-69.00709768066199
-35.10180191596402
-68.71491860504823
-42.48051585679105
-27.588867166356682
-100.09222958634257
-36.45707837854994
-14.396071067746357
-36.40487999726803
-37.04276670740377
-33.07952887991904
46.18003620353972
-55.61808556972286
-79.18695379778069
-99.3954880778425
-84.49426233771258
-104.60800791692418
-10.120028106414566
-60.84730182087772
-78.73618811634131
-73.39120899751367
-45.77273704805953
-113.76978359245184
-45.39153241680741
-47.756795622599746
625.6178450900247
-60.875126281825786
316.9749723845281
-49.4828101843099
60.55169679237502
-121.85404461407765
120.24102422631438
-29.395288523654962
-82.7849368337884
-107.44158612262645
-114.66725794963534
-12.461277793275787
145.6640023436925
10.578553426181648
50.74403918586083
-71.74457734286179
-36.85324648984114
-46.007190946729416
-20.733683528063988
33.883389148307245
-86.75715387954232
-78.01478412770216
-86.5492685117394
-82.07939257435262
-2.432601649745418
-65.27321062954181
-132.7273701406075
-72.3341528757086
-75.90415117212926
-98.06800290815059
-51.686427121162886
-65.95876617888034
-41.67369424336576
7.52074799493567
-93.61544219502359
-31.26112351897541
-79.93632784293537
-85.15655501333418
91.67322954948813
-53.99070045232059
-49.03516644904073
0.5126525685493136
-131.29247544508578
1056.8264975077318
-57.84167920643549
-42.99067057494657
-116.94862116882442
-59.54600194942377
-18.207178061935114
-116.7008021880903
-76.2408730627832
94.18640382632648
6.211220195118033
-88.27301255205036
-107.33857650934476
95.50002478933968
-32.55607831410539
-102.59577062751292
-65.95067834768764
-132.1875678891852
-91.80387927733354
-68.69542995330107
-46.807909352864314
-48.169091496596444
-110.64712145661659
-9.458208746140304
-136.74373218657362
20.05548908798518
183.7206749425353
-80.15152964747539
292.1851561446645
-82.04647345194039
-62.7815390709299
-35.45006066989097
-47.76063891061431
-82.45598487966991
-94.28944318782294
-60.05383032340151
-100.8335094508534
61.364526596985954
-112.84049035863157
-131.35126194229318
-39.5028250571096
112.96167774367251
-81.3342619163406
-76.31456265155967
-37.57738358005137
-79.26841426890006
6.479081879786446
62.74785429944024
884.105124450489
-15.610928482162455
-81.40110497805856
-14.396256104829046
-57.68086256455813
129.12530274636484
-33.36599956335
-78.0380149051048
-72.60242937159511
262.2464187473283
-70.55222308705795
-21.56656201530018
-123.2862742134033
-119.76989126453364
-60.389880305219336
-47.25422398131309
-8.78728362795088
-102.07257437254833
-105.84793720396338
319.1955366739807
-60.546509047030774
-70.06822093098471
32.0525597813513
-77.99335120473742
-137.60489409785012
-39.3944142445598
399.61355208522764
-75.22109949233003
-36.81654593455231
263.9840169751991
-115.36871951600163
-68.04279089003829
-91.85099012762025
1502.6318986839422
-142.0503558072272
-65.18691672560749
-33.095867085887996
-134.80347869360764
-54.108289376959384
-95.74777521923227
-17.62244380939674
151.00845391774763
-0.9151354900056035
-51.624445721024294
-101.73872661232406
-79.71219631488977
-71.44970780965092
-57.76250011479456
-82.92989813477934
-107.70116965155013
-59.90244390877468
-45.994328643202955
-43.63441583914155
-38.05970137854101
271.75480172967224
-87.44237381661802
-27.182200393864854
1216.5757553050096
-94.86776959204188
-84.84084648212183
55.208494515944686
46.56558177302645
161.9881027702624
-102.53070976803016
1417168.028491862
4.923398251730556
-48.71633281299651
-3.948498707648942
-72.98668134672207
-90.18655735715639
-43.32781893230844
142.53972126176944
-55.46789310394783
-101.68331343534399
-122.31296088585545
-53.89240705370925
344.15479027982894
-98.13468600158178
91.86355274587794
-93.95219823058041
-15.543330260308759
-15.850323342946567
-61.09805574701626
-117.92770778761565
-47.26172638288375
-91.24789453532718
-36.56841264582783
-2.4868454336195995
-56.682435266923996
164.7564697686218
112.08930331909451
-57.963105370422326
-69.07494287236128
-62.15739677290287
-51.265450006302565
-71.99538300406088
-29.68756799004078
-78.50196370560838
-57.53194305551633
-85.35862611677857
-90.85435163818435
-135.20988020656833
-60.94201018950076
-61.68597020923606
-12.872028009295512
-66.40213153804456
-64.86178647209262
-11.334177345897206
-97.96039371964899
-27.954738896078524
232.10796537548256
-67.64545239344808
-76.26319816083213
-99.07683500229031
-60.03118682880958
-66.68334015996304
-102.56657015501187
986.1291209265524
7.398941555991266
37.55693549707139
-52.69451858933573
-38.686957874745936
-30.00183506484508
-69.38816498399417
-49.38332427150422
-71.71456459747189
-84.86658717514047
-16.78921374471644
-76.97511753920489
-110.27820126317893
61.07686077557576
-27.61493832163415
-71.98761304111419
-66.75621681984391
-40.225645581808806
14.229317861758553
-69.74570520199464
-4.663473787961884
-40.50736296725224
-10.4546588722487
-55.48900180164467
-114.20915483577811
-44.40364217780722
-38.72733551638596
663.0579740823096
1466.5385841364766
12.500029491619504
-115.03441247557835
-31.445645864092732
-80.17262059848399
171.07994541353693
-64.57836711374297
-43.92544028417303
-101.04848399759783
-28.96923340409887
521.6671541274704
-25.826087331864333
-56.5520382911556
-76.72803752785252
-65.07362423109278
-76.64269768974411
-12.663762520010286
-52.64744898330906
-13.744139153081647
-45.86863563891692
192.95482147628877
-76.71978972954467
-90.81100953830656
-60.443545150999576
-77.46378400446974
187.4310146311466
-42.710675907342555
-52.69182584841427
-39.199277166910434
-37.92754739837234
-87.8136171205321
-37.4470330308807
-102.64011653939329
-62.11258094418618
-45.74343762664335
-53.004452180117234
-12.95158478322368
-122.9204674926239
110.2820950943732
-167.5935643649441
-90.13406731222622
164.38798295103228
-38.00471401626056
-79.7333446905604
-9.1062432771229
-104.07715279665422
-23.658719920656903
-6.068039349583514
59.97203322691916
-134.43887284240748
418.0117814880401
5564.8238813475
-75.29539428600415
-65.67620228195187
46.04125397663367
-44.87634929935231
-93.06819870786732
-43.64143282120683
165.15052468002813
-119.12769814529656
288.28479004859355
-35.34529075722153
-88.99815837119596
-81.38376543229757
-113.08301216837086
-81.49787081442034
-79.39283880464528
-71.85364311111734
979.2670065949603
-79.11240415139345
-55.36906810494462
-91.40940958069528
-33.72658522239712
-80.12349753802631
-95.9655399602423
190.71699540868235
-31.199926650593348
-48.47655342202697
-18.240303271842382
-79.61663756933751
-40.910340409150606
290.68161926450887
-54.80256231540187
12.928029156582571
-11.743656944505894
-76.5166212233166
-23.241916546564408
-75.83954448169371
-75.41869759254061
-70.62050534675743
-48.866512381519335
41.38691155117094
-42.016676308467886
-118.34224927720174
-50.82282756649937
-77.01457073891206
111.63194771699145
-111.54216665796513
-122.66335919318578
-99.14004008255462
-65.20844242201528
-23.54586276482402
-7.796432158544026
-64.36942311810358
-48.554859377150215
187.44758699840068
-55.12162215127307
-84.6216608498482
-54.742902433179225
-94.90831601744398
-77.77764647818294
-36.48028598085519
-33.77588084219013
-71.57621407889899
-116.73836293698099
-55.971779984546245
-53.784805201194004
-76.36400362801908
-161.16394253611585
-42.6418668163244
559.786854754909
-31.499395653863598
-103.71707287175404
-92.85221862160834
-17.08607666662489
-89.33114607867495
-73.62879246748805
-68.3774324053744
-34.33600177995122
-115.87057851025702
-48.7698638311135
-60.8631012013906
-38.971009446664475
377.00487104269513
-88.20217203393713
-29.845323835279554
47.64993356098087
409.97095049996983
196.06462546010187
-61.72045790137112
-96.7872394858865
-56.53649275178367
-143.0080588506248
-66.02384082681456
-116.98694192013895
-25.70289819307977
-15.535316508662465
-43.80585314169734
-30.004937039410624
-78.26602486570053
-62.908810958325425
-40.712228211624534
-79.48328306618033
-70.17052185451826
-17.883760498569085
-58.03879983914433
-48.57378265611196
-30.60804366097719
-124.13220444392589
-114.41957734656413
182.00276943547595
-110.05225671316884
-64.45347097813296
-35.95627836299258
231.22936255208947
-94.79359512620053
-111.88009665941931
-100.61619394851374
-61.21201660406368
36.73951754532424
-84.29468455888195
108.0701170871254
-61.92690615798824
-24.94193063054812
-28.891980196527765
-118.45407783798592
-68.23754935535744
-47.6439920966923
-78.52572041033893
-78.19729192096807
-50.27788332542217
