-120.77900888135268
-168.54462927200117
-95.08722859160633
-100.95141853844146
316.71530346836136
-62.764567734285244
-33.17875203362884
-16.661941977074225
-78.54496591133606
-133.9917111855628
-23.20513739465646
-20.113435368478527
-62.86930676623884
83.94488345074026
-70.70849969452144
-75.28757555445301
80.91546638296312
-111.79695998068799
-111.3013371853226
-181.1012811695771
100.38922611291042
-130.87592841113562
51.9090599215185
-148.75048204270436
-110.4069710198522
30.43706701130484
100.77073061734306
-126.87914814399055
-72.66208887333917
-56.9022363012522
-103.37217858156046
-127.82578985612379
-105.37085195230874
-3.727942547770624
-123.05872694668702
-127.0922732587431
-55.570592925589736
-98.18595991027989
-97.72828775821377
203.82613329025702
-109.16864092792507
10.553988644482212
56.4399645450771
-112.67120724643067
-106.72688295538023
-140.5650524024729
-94.6202115740414
-119.79874459002579
-132.18045288280788
-94.67214435364673
Infinity
Infinity
Infinity
Infinity
-199.22848457602458
734.3176985750854
56.99856430400381
-110.72661591845689
-72.56240666668768
-118.02507109489966
8.457130109641954
-34.14229650694604
-86.42045331857261
-49.45496814655641
-48.129499356681826
-145.529856359205
12.971928109540999
-72.25852691523464
84.00239615952356
-119.98215197095014
-122.75479752272842
23.614418816613963
-65.97191627035188
-100.32642611687558
-82.34490514993038
-91.8470183423369
-37.571507624262786
-131.7569351274678
-111.52010873728126
-2.5403528269829754
167.59934138096554
321.14587054724507
-48.00571723696602
-66.17459294512865
-87.45548799952327
-70.7650456519682
-76.4086438819729
-85.46769328227239
-79.29492941372027
568.8654250726105
-77.70518950158858
-99.41145714956923
-96.39242620261459
-4.832803255290153
-101.63965924118396
-88.73474856969204
-84.43544699276715
-25.378831240372318
-40.66205388450906
-38.71159440541436
-102.14038244198582
-95.71588408989217
-65.52164553376322
-140.26294004315614
-44.66232688057193
-67.72804905675785
-96.07797941030667
-126.00584085184364
-71.04370998472231
62.01350308795335
-87.81659826081031
-51.07181975580035
-99.3485986604899
50.13272100951191
-101.8464602004226
-51.98739311188154
136.0664251091328
-148.69519811170306
-8.431147772881612
-42.268346813689654
-186.4195200903502
-86.11606495318718
-62.545453576861355
-67.85551451734509
-102.6906939253579
-102.86944767216394
-103.42298108387808
-98.58267983423423
4.8793731785648635
9.899123132511653
-56.195912126699454
32.26465015371261
62.987772516755115
20.20846226016645
-30.12626977525264
-90.96016553473125
197.12454341854001
-112.55778982454402
-94.08425791504894
-135.14512997626457
-40.30432472022307
-50.738616014121106
-113.37055481898335
-113.92262320103451
29.151569006580168
-137.15227915888056
55.62823300482432
-86.76493373733426
-50.891693398173075
117.30818520901455
-30.896425766060894
-46.088536594704166
320.01915141421205
32.91122822041559
-74.11261416329684
-144.5649684174927
-67.97005574155872
-85.86088662295515
23.14472169248011
-93.4269431851562
491.98764647634675
-103.97448594089207
2.2882287019402847
-128.97798857390347
78.15196187214832
-94.8434113239471
-73.25915536433438
-140.78812034393113
-41.75267234876536
-80.28887374873301
-156.93975892515584
-94.73605501821449
-177.5130175974193
-115.42599858252379
-103.7802609248935
-113.9785069982134
-97.55870723074311
26.399816999107696
-92.03003266624779
143.5238927584125
-93.58153944678911
-113.5118780824885
-84.6727639723892
-132.23550660182815
-150.81238046491174
14.909908985067187
-133.20026803503868
-72.99475862389545
-11.515492936795296
-63.47895428315961
-13.599717157380233
677.2765666585107
-127.8754916976295
-100.8897519109274
-105.62254017481519
-51.70984796649676
-144.47855586587087
-119.82238658505754
-119.88731391675257
-92.10876404740438
199.1825164841213
-53.35483349638591
-99.37133800101644
97.48046755844983
-202.92219564324512
-128.35218992368425
-122.35123972528818
447.886878284952
-209.4488619426609
-55.591442626223056
-100.85388816812555
-50.582371801867055
-44.34746251299031
-45.571876441339754
-41.302960323968314
-108.04984720102267
-44.32586498471841
-159.25009282813713
-35.23673176193202
-43.28931241791717
-88.1037233164395
-110.68962701018086
-128.03077318029386
-70.715071664913
118.75166957504247
-86.84367915281894
-147.05287137101715
-21.44060920621743
-117.72933039196754
153.09772411888284
-17.3846400102449
103.53531527913096
-58.5227057477748
312.50742724737
-95.93258713344332
-62.120150739068244
-116.91559005437202
-110.66582450171167
37.02548276070076
-123.3922469449195
-96.42042032596795
-143.5584110296307
-104.32980264166372
-106.86732874069219
-88.65938344777533
-4.512462886864243
-163.89030011101678
-78.44304615842724
502.95279528184545
-79.19281982667016
-119.66180522078604
-77.4522739145633
-84.99790294340488
-75.6392040655145
-127.04009318609943
-50.260988974471545
-81.31199677962768
-42.29668354275259
-123.59607458293887
699.7764328636775
-91.25170022242064
-33.83630148808173
-73.26574502571015
-83.65941848753621
133.0824298141024
-55.41303653601971
-108.15978667920737
15.761260877064105
119.15197563384784
-153.63995320715333
177.31594615980512
-94.2783381752791
-115.42987131490914
-101.47269670967033
-115.75691117086515
-114.5701627079315
-7.090419045001225
-66.90440877482051
-54.680548888014144
-23.011662046040644
-79.00616164108646
-45.09720708780236
47.80078564866705
360.96759764672515
-140.12366892211637
167.94421498766667
-19.741532887050123
-55.18597199976886
44.27450246085812
-64.79609737345994
-82.99838269658488
-83.487267120585
-27.697521035048045
-51.49581783838901
31.110560704916193
-130.75512851758137
-81.32641384308171
-22.241596016959058
-41.49934237368518
-105.91486069040387
-84.07009878813687
-123.59837026337466
-125.4926540984972
-23.177323315160955
-69.52627957695874
1208.037105465115
-119.04685018392382
-42.54849694801632
-85.48626646852095
-174.49805925864788
-108.60344533126842
-57.305978925158925
-145.5279905949857
-87.6522888862054
163.16653386714438
-74.49606194943871
-81.33604337892601
-6.477520031727281
-78.51047067842208
-84.40271190085234
-132.42848686419492
-127.74772369071842
-114.00602008254887
-116.95194237311573
-54.96441595520766
-99.99303410358112
784.014904863337
206.9044766468859
15.45898721270205
-113.87844623466881
-115.00529001069444
-67.14635332468136
-120.68443681519709
-183.38027234091481
-155.4045759083673
2070.118646323645
-137.2298272006955
354.4693079175637
-71.91252343523337
65.7741116854601
-134.29366221425352
-52.41239946848714
8.263251194068237
-143.64326994164364
-84.45131555994504
-74.22232136108316
-85.237668866917
85.30891254540074
37.82425518998822
16.304071588005083
102.0647706054724
67.1206403193856
-61.2359230349076
28.862239053850693
47.518308690882385
-108.64127802466494
-118.26176980405923
-37.36993295420767
-75.06602425191878
-36.96183133077032
142.39336116546258
-101.68135762709186
-80.84557392579816
-105.50084012652484
-109.74327701414528
-89.08547648208467
-93.89099921128029
32.868618809277045
-137.18391802163524
-102.17951780580688
-233.85163579942937
-44.2397727533955
-103.71255652572223
-169.93216738696557
-101.26597702189656
57.189588052408915
368.10276134769555
-56.42010569004651
332.52245158611925
-107.5078452200545
0.22064236482682986
-79.88260050140529
-119.72138923040207
156.03928218166328
-102.30574766927273
-43.43492779095027
-92.03747543253921
155.61631424318756
-111.56652275814103
-94.44751314493908
-36.49501410343491
-86.24330945670613
-124.22765515370338
22.76514812855921
-61.942263259669296
-109.81416936540596
-23.401183979100516
121.5508643115413
-95.16097089122766
225.46382340158564
-111.9812564029491
-61.077544043153125
-54.11327076451267
-29.17099195436056
-42.42576212582881
-132.29656660292426
-24.37408404430116
-112.63508568818875
-105.71271964021201
-87.51839363770769
-91.93643100907948
233.42907172560965
56.95305490756495
13.667449932426061
-64.29034800797385
-83.63663829457768
-57.8908811279198
-94.93676996787681
1091.9206086364306
-118.01531131929697
-70.96063553262235
-73.83566874871626
-53.14601974115989
72.70876158449991
-152.89960416088735
-98.41874403662209
29.902154611542983
102.68363148900679
-24.962936811341162
-85.32469342593551
606.8703989750475
-120.68037601141393
604.6212445456724
Infinity
241.60544908154313
389.6721324893542
Infinity
-154.7709399130951
Infinity
Infinity
Infinity
-140.3969080543726
-89.79053208695694
-28.61150955074017
-74.23822274471517
-41.861238391268664
-123.20616091596845
-64.30204899664263
391.089055658613
-42.26087670458678
-77.76325122285989
80.26428282256887
-137.18798232059504
-71.54528266798714
-93.35795111247847
-143.79538302336655
-93.05769953602872
-42.72120988330182
67.5733272233385
-109.13387494483509
-75.2242593421245
124.71839167790937
5.269167122395003
-146.35542514263895
11.50238637480208
-51.19748340231006
15.372700669565845
22.213208198133483
111.77644794069025
92.51484098543277
-96.00579021528554
-63.57929587553703
-28.09333130043411
227.0457856541
-103.30380661838198
9.147207619831168
-149.9589404785375
-56.5743537718622
-122.33704972470957
-91.52748996340603
1.4091665198858432
16.879496681543266
-142.71690522458132
784.4008525054332
-67.86357635507832
-69.57105106597854
30.617885833448383
-112.57943208398754
-74.29512938359015
-77.3601426512673
-2.480553925350038
-183.27489291870876
-15.66173196031115
153.68557973884
-116.71507124596036
-30.9766531436862
-83.17340052919074
-183.263813369123
540.480386585606
-134.31794789464522
-31.31623631333364
-150.34136924863495
-6.924974097279595
-83.02774951001838
-114.13185509396043
189.68895165300057
-18.207150189990728
-100.50530823378688
-49.686453547829984
341.4906753398977
-67.96694689913451
-62.165424382370695
-130.77351288344906
-64.24350534209002
-145.55284201638722
-99.518186118472
158.6950077913174
-57.7645901951472
-155.2163078308446
-131.82463385372944
-158.90471064585563
-106.77205630488822
-93.15424822350998
0.4131257067795113
-77.3267258713483
-142.5208143043897
10.447037701238283
97.21162252428795
-190.67010212954068
552.8450574851698
-41.590776265493176
20.061718289752704
-96.21370618478416
1.851258808185241
69.0997121668857
-163.92753753823516
72.19237111816074
-119.0526475599298
730.065135061698
-61.88828806435727
-97.47422839392718
-20.84214060168621
Infinity
Infinity
Infinity
-73.89150661525862
16.246363897593376
-135.73237251632312
-73.74452188203009
-97.4654484286079
-140.44434988470599
98.01019653711909
-122.81120277094723
-31.22435474545856
-94.07559944840827
-134.29890899799273
-76.40986547631785
-65.294075747582
33.214510317098366
-103.44934831494754
-107.93800564019178
452.9650081676886
-122.88186259623231
-87.90815125046899
261.81213775957565
-21.499510811138514
-88.28637946891843
88.85021058857572
321.8126660815276
-39.34339124394007
-110.76599769060027
-76.66846391979797
67.97257261628653
-79.10090923285193
-159.45548189784566
-155.0905903777546
-92.019022497299
-47.43012714185774
32.64658055000907
-46.39015810986143
-107.51101272351141
-66.4221921798823
15.129197552689153
455.0875762426584
-69.00073529305935
45.70204511746293
-154.085900479962
-80.82326870676046
3.1417894442514798
-58.77920592271773
1698.956555463082
-77.11814302954161
-33.74169612034711
80.34950703791505
62.46195802463496
-163.20355286629137
8.409877357591652
Infinity
Infinity
-17.120454501859015
-62.82135768455322
-24.870369902786265
-116.87744312737783
145.36665358365258
-240.06036293182575
-32.14401160370192
-93.06927984077441
-55.45701203576251
-131.5816264173215
78.11110913223892
-64.95989830950204
-37.01680921728985
-94.21794098959562
-110.79061073515139
-123.92691264434723
-77.05638516081459
451.2108603477563
24.333644965704497
112.28348808526135
-121.89014173657023
-70.86879136277022
-28.808359913495206
16.73494232216895
-65.97790797071876
-111.39887008394875
-64.10381006592085
-179.2283529113035
-126.76238926002186
-136.8259975182118
-78.67947562860593
4986.256593425923
-96.0619567889461
31.223315378358514
-57.16749209623594
-44.38648134341779
68.42483247421012
-106.72326866808095
-81.41012287113112
-78.99432965911939
-61.16033784951578
-66.60247378627427
-92.71024329526622
-122.3343839620055
-121.9776191578587
-131.36872846214735
-102.93187190262503
112.328956690456
903.9816227560977
-139.2170599006879
-117.44987472719727
-104.87316798193949
56.63566279767549
-97.46154757544717
-84.73821612872582
206.93047511778093
22.86365735542509
-83.56061063232126
-104.01990884460552
-64.60439273171718
Infinity
-57.838779352454644
-41.48196392347592
-48.47932464907621
-103.42396039150648
-72.76675469260447
-76.57490692570012
-76.55776419178588
-27.267642026302305
35.72525464421986
-76.96375875172616
620.3820947210731
-20.182874481369645
-113.23636060004851
-80.57850309619306
-45.56759849339025
44.675513946607275
-19.348260634222886
-48.99643822592749
118.38079426626614
-73.23652125283043
-17.99086498455207
-92.1079678722337
168.4055706600623
-55.268015918930146
3272.983972949204
-99.5683506320497
10.130047257206844
-48.48959017148937
70.99978495195597
390.6992136753086
-58.89744062419894
-114.6107383677188
-32.536282720345625
-53.490614929421305
791.788755808059
-72.45109559003517
-104.2850284999959
-103.04563641333833
-116.26198756594589
-67.96380013874284
47.31708422441007
-50.887132325079186
265.0310424243728
-113.91099233750315
-66.02023546512412
-148.46796512299872
-70.55093458011191
-61.55413809209881
84.65825776187613
-52.17613923743282
-113.03159782095135
-81.33744801508576
-93.23920170321996
-149.39631518981122
-43.13529021188559
19.839309010436065
-156.09674329334595
-90.14120220261907
710.9840119593739
83.46371709238242
-237.56069100291853
140.65248659657308
14.201793393096134
-103.83609209999277
-165.19356845010282
-111.37870426653912
82.00950515614652
28.31943547489619
-107.03814188345635
-147.39378409246947
-66.45253389139418
-130.0864247102683
-176.57683320266906
39.902895422734666
-89.87989478096206
75.0657443414103
18.220632567799754
-35.22595006447449
-91.49612003626565
-130.94402492997892
-110.15158493023183
-145.39141148503714
-152.11019432911624
-164.22036304972173
-66.78642227034315
-109.80813660404063
-131.2762052266138
-15.250001894462223
133.2410424308561
-129.18195433278893
-98.08942217441606
-134.2815684349902
419.43405314330096
-64.33878714846136
505.3641364515796
-106.9262470558294
-48.85480064963592
392.50790861017674
-159.58470335425292
-63.40637855832522
-87.96721326317115
-138.9493814681394
-84.75964011177297
-48.70708438091609
-81.2743281206255
-95.55500945049614
-79.70291769113068
-96.40944410756856
-152.84888782847105
-122.30955492950335
-124.63226305156736
-91.6782292870134
-83.53972504936266
-55.615192010971285
622.0028236075256
315.3409292971139
-85.15188236098834
291.6107189422495
-38.82651656105507
34.74652149523094
18.310034165019605
-66.52063669870317
45.23392755954734
-61.537168480704366
-94.52184785699477
31.356577934385644
-56.361554237715296
92.15730364336376
231.95467412677493
339.65074344129806
-66.80571295127143
48.46385751331732
-57.782712494842784
-100.63558502750324
-52.30270157200756
-35.14395810550496
-64.78121026328076
-50.37665567766977
-105.08500601798387
-155.18842834149453
-15.94840504774871
-120.01360642813663
-133.49325344930767
447.8528195772108
-135.26445726974046
-149.82306142287953
-69.92075820531115
84.77583019365285
-11.430571449791605
-116.9697741853907
-90.07132372620599
7.0647620779523885
-98.09411674084926
3.4377755759764472
-51.30241520945356
26.555790896934234
-41.56433429615468
-44.67685384710249
-69.05630350776241
-102.87734404909698
-72.89179177992023
-60.811379268099664
-32.469262481422916
-110.91035562133901
302.14169152817533
-43.907646723361516
-115.50375395983231
-28.37318185801424
-116.02376281440911
-102.48354669554323
371.8665704200236
-85.8493923610919
306.78431399646166
119.49554583835013
-94.18743446645232
-57.53890449417685
14.908302296597034
87.77765714459643
20.108272887593746
-84.36942075439312
-14.86938022862768
-46.295426089352276
-130.9463387319994
-197.82209382943395
-99.60971117990897
-39.58287307730349
-73.98529183029657
-72.20618734780759
-150.3264012076342
-61.8892841515728
-65.34878911656328
72.72710957825633
-30.29043827829815
49.16456034702883
-96.26398799326678
-119.40588037476302
-108.28161988693682
-65.26145437972403
-100.59102087462739
-116.55249508221874
-122.45851367740875
-50.402867808787676
261.33982069730945
-85.06821615780419
367.0355371980998
-117.76432839349323
-129.96420468725813
-47.75566582849287
146.82921663112575
-0.4307490671762693
-103.34114013067547
-39.651837469623295
-23.41399121011674
-126.13727682905528
15.982708388290288
-158.84948274420856
-122.5050557449158
-131.80944755381142
-50.33130444592545
-127.64108938014452
-105.89656100603945
-97.76136859757058
174.67724497282632
-123.57501856100562
-146.49470874837596
-56.055304418260235
4157.5149101824
-24.675708302643162
-92.00530434033442
-107.47672388927101
-90.15583012847675
-12.30496844448333
-35.34243339311925
282.0415970729604
-1.2095037267105444
-130.62810615124098
26.749516913155038
-14.255615948904524
-133.7697802002609
-77.39335875317136
-51.72784208680797
-76.03858246449508
-102.57211547744036
-108.12864688261496
-85.78628498932152
253.06122549788444
-83.6411166258459
3798.8357107902048
-83.93171814245464
-67.29228746019231
38.04352924923032
-55.69838633673877
-87.29189028821672
-138.99233946207065
-114.24009829979343
-101.80341638966577
476.275629541421
-74.29537230369198
-48.31165031484351
-148.0200491017851
-140.44010927366315
-22.65283156979251
-12.264829818759717
16.858896238356262
2.690464391061724
-122.81773170332426
-120.67328614541007
-34.434341281091925
-123.18979155357503
272.7066265161167
78.59038953795674
-17.90711700827722
-100.71170150460286
13.626971093920602
-114.7171103205698
-70.51658253469532
212.29626398797458
131.33752073480107
-3.7755351963485575
-125.51658366618793
-164.98875098132484
-110.09373133266608
-101.29959385575845
-26.67765556116836
-103.30141390316004
-39.40083919180775
-88.99605025492271
-128.45037421081037
87.09337726868804
-143.8966486786208
-29.983816527617698
-30.61729844947388
-136.53803697848826
-49.947654536084215
-47.21367712221143
-64.61400516181604
2288.690561360124
-89.31359889760914
745.6628739957073
-63.99530590631177
-122.0794406252066
104.27377941335558
-117.81277490944797
-95.47884135657254
61.94012602015741
-126.88723157517582
-7.1031225266214415
-67.1271171153793
-79.55447410447599
-104.51346844477227
-178.53099082590805
310.8691878934202
-80.13651912900463
-13.568621259163562
-67.15541882539031
-57.45108931996428
-20.236494396721557
-99.59809997015796
-7.5539461785978785
-50.946954001870054
-146.65955495225757
-51.512478580216765
2892.710982953324
268.9239633332921
11.074204304665836
-119.9528796346778
-110.04776212349353
-98.84262894849556
-78.62958602803253
-10.799684595822827
167.40310279033918
-68.96594703910911
-100.86840021986752
-54.408017511932194
-110.12182016754659
-134.59726382377414
865.6554367852432
-96.22674527680022
127.39096610983685
-74.9663170261306
