21.07324195936176
93.13301806801428
-104.58583135060692
-9.045292577024098
-49.69868430028055
97.97407087037983
108.58183050505401
-38.8113491108459
160.5943623674495
103.03024955959482
-25.416671534447072
-88.34841086301094
-30.136801738666062
-48.54231522262216
-99.60704137572911
-6.210663427195518
-131.12976328087686
-75.78693969054207
5.619553222146786
595.6398726551782
124.72093235569967
-47.66079319277151
20.163101825605402
-69.97476777762007
-94.8384398889228
-51.141267986756894
182.54303569235805
-67.25155609518853
121.26994500916193
-59.835123881855196
16.20474721757565
42.27548394630784
-68.26987271457106
134.73077459214662
-77.61513446881612
104.47864144832992
-19.282822566565862
-13.068675195965955
-55.65226075565807
-61.421549262370526
-55.865306515181956
-98.93427679097672
-35.57975671136523
-15.93627551811052
522.3166412347049
72.24738552898599
-87.96884186572169
-74.49287697617103
-61.123658647781475
-116.48282666320048
-92.46056574299008
212.3710047481016
166.83191744367662
23.507511714780055
245.5921605940445
-39.6992272053498
-84.3723059090358
-50.286896261152705
-111.67903238082287
-70.9167436469475
-38.668270795559614
-33.80414176040824
-20.454263243502623
-95.43689487631251
163.52398596545973
-4.379528647591723
-64.06117377020178
15.918690472263325
-7.781880267776442
-20.247355059658315
-48.71014989431242
-27.287198999885344
5.310270017684605
-49.60485328949882
55.0451709356194
-54.057057837557856
-55.25234661193643
-51.396101928071985
-64.61248694044137
213.615220252879
142.6543984072563
-54.21837176097468
76.47672518654696
-79.861821977372
-54.544428789924815
-38.728563590027896
-54.48470353619697
-77.33281142039725
255.94428746653057
-37.74597267759237
-127.1065288462617
-62.7909119181691
-45.47928310599162
-85.73762900581512
-70.61939876700872
143.7897710438851
2724.6038818589973
-20.067169139553346
-57.534043771062144
-71.546892577113
-50.526955772802715
29.126741633375254
65.44940201179234
119.23726268164776
-49.659335529821874
324.6605935831275
-66.49562643628309
31.090761811088505
-75.25586845969302
-40.721586578996764
222.73970433115426
-117.23936870153996
-44.00799344381329
-88.8499423842994
157.27800083528248
-77.79689276510763
-20.078294802400904
-42.74539271734366
-45.0866167375659
-89.912293530801
-23.46186979100969
-125.52735163391762
-27.758455859709002
72.28271981074599
18.27320662765857
221.35234553079948
241.72141536956187
-106.72567956846711
25.998574977554114
-60.484477765196914
169.19857729633173
103.64895042197448
164.82964511941748
-81.79823317413589
-107.32615435191045
-0.08568842595894122
45.97247633055232
57.906707625474915
-1.1102429426972402
-33.932842153179735
179.3316241785969
-2.6840034672056703
-10.020316282170995
3.8976447281154964
-73.08253985972262
1088.6497244405487
-52.04613357755269
-30.989269482013377
-11.794957414950629
257.59840808645316
3548.166204503616
-49.17367995668623
-86.55491040491175
-51.66279031703176
77.125296452651
-47.28300739440304
-75.76116781395415
-24.49603126895009
-147.7015576221556
-45.7866687783177
-10.128109111498997
-74.99190178126945
128.33891125175109
-35.65969477397879
-13.81594997456192
-44.44168951819556
365.64805535748604
-27.12730474106172
-163.00863106047254
-26.351653340758087
-35.35620453449646
-59.560188254951974
-63.121196094687505
158.61127523335733
23.161498360666272
-32.760008895897684
-65.5061991959115
-105.96090143037698
-34.922989572732455
-29.506221310849277
-44.83102223778137
80.30174114980564
-7.476575323615413
-113.16074364232786
162.34075397132594
-60.347940462666536
-62.732680397820495
-62.0796419804966
303.01503513339674
-98.15686005265148
-75.98292128583745
110.2455009319786
-47.69230521336823
-85.07461875046472
460.7837839999265
-61.69064888896188
-67.77289784628456
177.2614506709433
100.85210682235011
298.54208616091574
-57.81945674554704
-72.1269381214284
-38.89981049735335
-45.26637739692873
1288338.3856181856
-19.402998569821662
-22.786401603113532
-27.02096255590579
-0.6987052660081386
-93.32816139630945
41.7221153787953
-64.8185692062534
-40.71884732773233
-66.28380921014455
-68.75833564534796
188.70057244946793
-93.70568381841555
242.08292021715758
69.24711304655939
-87.4755267999462
1996.6120624737457
230.38188109550288
-60.63261808202627
33.83802818330885
-88.07234241085163
-39.3603647588665
-70.61207221906422
-123.29858114355663
-44.79948651081931
-48.44806967311772
-56.459180955462784
-64.73066400794116
6.784921978650751
747.7604249232933
-100.44451883469003
-67.26380792472973
283.7348906111874
221.59857222524184
172.8874390449064
-82.08488291973002
-52.734944190309314
-61.71719736253342
-84.035077381976
8.701610981089697
38.050413456759856
-78.6840120823067
-61.39052419810412
100.19347692926519
-110.78032607059882
17691.494338344633
-86.13053343757171
-11.717441954169225
-45.22623903033948
-93.94203887573889
-46.36596324310286
118.68902329834381
2100.2981534352566
-57.03542937317271
-169.65393219675022
23.628274220748885
-11.961908726143196
7.212841149886397
238.49367969053628
-73.62455968353679
-51.884823971076536
30812.952478239826
-54.237227565369736
-43.64135242242565
249.37908059586974
-48.46253754660284
-37.36955906669189
-86.12898327285531
-112.30213121111552
-96.47838099151653
-32.93797056581234
-108.10109629846399
269.38318155170714
-66.95536067416339
-22.331800325882917
-115.44297716408812
-76.60078475291512
-23.207548415162012
11.771926382374007
-64.62300744512812
201.1188846600875
-92.99944637731049
20.18775162392374
-72.03249854411065
-112.432490475765
-62.8661498332017
26.98740741372705
218.80098240888015
-56.651501045007464
5.066898346862258
302.2496672135918
-94.18012799686524
-121.7745633752099
-85.48134359873882
926.979808216867
109.79626687858963
-63.25081657707998
939.6418783736892
-99.88434496624868
885.6839052574599
-43.264389534540406
-47.06928757603912
Infinity
-96.07646823331109
-80.44431667787867
117.10868893507254
24.159804321083506
-38.40141602546862
-77.60180739516214
-98.15366254660348
-67.0911540952104
-56.223573436393174
-15.970818054528912
-72.66813796637211
79.90776484757004
-70.81805986296321
-118.06681141836285
15.67626995363847
-43.69086220326366
155.90464279155933
164.7153374357416
-24.66471901542981
-87.44553767127688
-95.61924130757926
348.80819241414713
-52.703502031344065
159.1700622235708
-92.97316023624718
-63.48400734673171
-139.8251808201881
-20.165364361107972
-93.80272951667183
399.4312495142123
84.32385416109723
-68.16967467693955
78.3237686879389
247.79008218029855
-50.99922770129388
-100.34434288844253
-19.15763272089585
-64.34403980778049
-47.93086922345678
81.39534519777132
1502.9707088588736
21.53083993657939
-26.466832302023256
-74.21186230573565
-103.42806494234574
-56.614131189139414
-48.16805208475434
15.022209814841723
-90.08323277189938
-58.34604576104141
-88.69663892158347
2.2185558995064896
-22.015802561915574
351.6962948679678
12.611699541041977
-7.146112503837138
102.29766371770671
10.18216472839758
-59.120200682466816
-49.86697057277524
-73.92955485181814
8.161377028396815
69.44905785559605
-36.48278086279263
-89.69016813895944
-77.18490573528017
-59.35692826836733
80.33140208294923
198.5834349062686
-4.527742862303823
62.67938437642327
-43.517775979752166
-110.88991325941865
-27.602398659343418
55.99930888284813
64.86358301235859
-55.40203233209649
-61.136698620847625
-55.62828457784182
-86.75389225574222
-31.59441211960452
-74.00510181689467
-84.87225759883795
-76.1031356114184
-58.37703564975786
425.21244875352346
-19.529696062857564
-8.174221986266767
-37.248380762079016
227.27410051097593
68.10665916147074
-19.077352642068334
-122.84075890619394
49.463074057484185
-22.4210216844823
36.27977075481136
-27.699585311563496
-19.78518322805986
-57.72794524347654
-89.30028713489963
-29.75176705784687
-58.06854486401212
-103.87534625634164
-156.9592844679531
-73.28762897012518
-58.36717656137781
-52.09953219982902
-66.89028527530543
30.147883424060034
349.5358621963716
-46.322534694486194
-42.3474459021925
147.42094723599354
920.3235027783429
-53.01989759103232
30.613028555917204
182.0587227686515
-24.30580997265777
-95.15003883291902
-55.9580680238198
-74.99377386470238
-39.09989929340493
321.31156637980104
-49.01397816028456
-14.950503993449304
4035.6506869488685
-96.79277383459811
2572.6340474983776
-61.40856407767464
-146.28086245524815
75.15958171018252
-44.996350110163235
-91.48070152893115
-103.98093333457979
-21.518005750290445
-106.64818144729776
-13.901616199511219
-34.953608638851875
-62.21704995091616
-52.74147154113861
24.381153549993126
-49.21040566548341
-59.55612845493801
-40.993665898882924
-144.95783464030146
-69.74084620931474
522.6829469190061
-40.90567042527842
4207.492868287905
-21.61186550504229
-125.73503948111036
-30.669140987222512
-21.394700286180576
-77.3712051438431
-157.65766466110696
-57.26074456619871
-6.7995977878184615
-73.05937053650808
-65.36666714087553
-39.78703209449777
-33.85780681884371
-29.13270145128199
-98.6597616195361
-50.215405768454154
-55.04998139067835
56.27932076138677
6810.413998003724
950.5290255123977
-59.09724293346997
-41.489999099883164
-81.39861634953147
-60.942286146273226
-13.973326159667605
362.47251785083984
409.2200051388074
2.5100649242418887
205.65934423856515
701.0291580913303
-44.59845875814846
-70.68922901551413
42.026442528133835
-53.464607744925985
237.20804693508572
106.66597862721737
2740.3683259521144
1340.5790565805867
-43.201239385323426
-50.760334556184304
-32.027869277468845
-45.08387617202571
-16.662589113189874
-35.87678657136229
-50.62141722433008
17.64371797879179
95.11915315742807
1332.877527217065
-114.64633745401835
-80.07297358922199
26.481214070924153
3.8034105317645635
-44.62378500537383
-37.68104904347585
-23.248247254274546
283.97000652078265
-132.91960211082923
-16.546160508167706
-92.46905897901038
443.18226266855004
-73.56476232102469
162056.67850928626
42.34212140019869
-58.77008832353597
-87.16190992600458
-64.71437848064197
-31.050795311057726
-61.19001732941058
-45.37019243515784
43.40658655797611
-47.23023581535548
80.13726766253272
-50.87575200199534
-112.65510109784547
19.04782055621221
-109.3190852513305
-6.037949716326496
46.42563277910928
-147.21177301880277
-21.43941641554138
-36.16073410741894
6.901962098463222
-102.88477406891371
480.17111332655077
-53.2799732868458
8.469904719576153
-26.77117528352964
7.839520719505235
