-36.8661887847212
-3.510954133032975
34.34300718215334
-94.64130292591595
-27.156190420030107
-177.8408286618084
154.13339842650632
373703.18236764095
-151.21643141278906
-56.839161740414454
3755.5808505113546
152.3336526289981
206.1670200844193
-42.97400837570736
6366.8858583534475
-98.52306329792646
359.7270050991819
119.84214989005773
-85.75554580251605
-129.4937646055063
5901.54202683957
-15.669806928611816
381.9483736507591
645.4275142601635
-104.86974980398301
7.928143249273851
-15.193417431285418
-112.62453927393311
128.8678675486687
875.4429259046443
-107.42529927901022
1466.9912523621629
648.778172437274
351.2656671355302
-41.10705919990209
-37.24355734229272
-121.43427921538157
886.0059721423094
-62.15529159493387
18.078261597695864
193.34776947337508
-140.3807823251665
2015.9340617083142
253.4092458004568
-20.49711957603228
276.87423154493985
38.202984683994046
842.3718188226139
138128.926572833
-96.00583114722711
490.84106223561815
-9.822230053206447
455.93778044996213
-108.18262419898053
493.93955205542824
364.72146287223507
553.3268776861156
-98.17977008544372
27.913246443201643
1747.917351098186
9.326316461046325
-132.35321682001802
7.052569559884164
442.35863308860104
390.9054883021829
-75.9169239470884
-78.62918345789717
324.2597544740009
677.5788734449807
2084.5763246645142
325.29108557847695
621322.3111001304
231.17089313033043
-71.57693875465675
137.97443807219784
-34.88947679708954
-138.13646928435264
97.7474620618581
-133.17238362027987
-169.79247859234928
-154.8118623768968
12.978568695030573
5719.672080377024
-62.97322776951384
-112.21980522998778
405.8980135872092
821.1605335030844
Infinity
35.546094481637454
158.5898064376955
197.49060813056877
-108.77715136930654
211.24812190758018
112.933264598014
1541.7105366974006
411.17875523579244
352.88091415274766
-103.8650051842093
158.5738324753231
-91.99329855225047
3613.2219478670077
1087.796573076924
-39.44167729054382
-66.89547391299145
114.81211447004779
1168.1566313716964
305.53133749572106
-153.25997931977727
-45.42645408544282
-58.59398471682241
415.14941998901287
663.5196096152407
186.23103282332096
2507.9484564203794
-4.090579698154741
425.5047552497854
-42.7255004017675
13.870483376798019
-70.88114590374205
-112.91225133089262
1451.1937553279813
-68.10914013631779
52.18638907783871
-46.75190554283852
-201.12252716459545
-154.610934117014
1085.6669364528448
160.0260615583059
383.9917545716859
1310.6019028588616
304.8097975926208
-65.5231600572513
-88.28839888386861
-4.649844074148046
254.32157116461016
-122.06725605598663
-104.9326187741221
Infinity
36.67303324393507
-50.171014757233635
1006.8596504375957
102.38605283435567
943.4053290521856
352.1492568861732
-56.45226955289483
-65.79630043834511
34.827732904143765
647.6776044177735
185.82782158268768
700.7662623448192
529.4228438694142
4479.6825434622315
40.018482930823176
94.31304119171085
-19.868476312978103
-71.46920141039037
7039.507326350217
-16.842210637716274
-89.38201936430295
383.287191769448
391.30300022139005
722.0289189322245
62.56929463661877
-128.3909791568266
565.2530982258908
-167.53045530022624
771.9557370920106
451.0679398582546
140.7933215409325
-58.79529062425851
725.8872584272042
-162.7204944274938
1035.6526112371337
-32.18781522181864
Infinity
38.192795086653526
4540.816365961423
3175.6868521068386
-91.89299155646
228.5968812783422
246.6723322159265
-96.37779442242878
303.8750268102824
2215.8858603030917
21.679569650493264
106205.1574160961
47.033682856910346
1021.4129778863756
-65.54792933263826
84.78209925922576
-63.51325704081741
463.7642060162882
2178.844844025421
2.6051275624947383
-110.884144735226
137.93029077963078
150.27212856638334
-68.27711879021167
1545.3147150829877
-23.086492446476374
3786.236775141442
737.616603076533
305.5262395439132
43.240658143413896
241.89835408433618
799.613312755672
41.465359980925044
146.83729940653038
148.63629761836654
351.02868800282994
-93.82839890905946
3195.645358254946
696.7704159404735
163.64869513438384
335.75993848757514
-10.558924690703787
2546.094588653639
251.03488934294967
-40.2411921763298
734.9370352323166
-59.953766266699596
-177.49255647400827
4154.803421558414
896.9617883551949
214.91588967949272
338.47758285184193
158.85444630974482
-144.88766386797485
-94.38122796728504
489.0387278391241
-116.54860074648516
1257.485900980849
234.10203064364367
-148.19739682495202
-115.38412228994774
110.58432058278224
-105.34584252926533
117.13816026339572
-108.69358586510918
2.9698994673534918
68.45339921235956
88.80794806558113
3877.246449926852
264.46086452229054
2229.357270016825
1940.4800451814176
1082.2458844830956
330.23851455190265
492.59178793268006
-125.07983369542546
Infinity
-153.9091621831012
-167.05570874296134
Infinity
738.6551939528804
-59.59911489050664
200.71359664471774
Infinity
329.48261824668856
5557.771553013534
2643.9300090446172
-73.3473140379868
-173.01080136683308
-124.62968459404424
-155.609889189665
81.02569272358144
-42.71855451533003
-106.73386751506715
-46.887174938873166
85.0036366264476
931.5369503255524
5235.089203352783
528.0996276507774
282.86387789508154
35.80859903708955
52.718030122787425
216.54826359991603
-127.80770137915859
129.64158861215657
-102.20378751766596
-107.7320063628985
33.760862885561885
246.86208592715855
-70.88983597335424
96.70658602112165
2091.4355975941144
276.19248883728403
4.972647200185835
7049.924056672924
1061.8511543725704
-201.88301315395097
57.06487278569668
84.05922219352767
42.415156842801075
378.21834136184236
168.7840444945854
81.5820342595372
-66.49240384736672
579.851684108397
-108.61311331612724
-81.78222652230525
665.2231020116129
140.58128466525207
8075.545491974383
202.76035953082183
412.3076606677262
139.0436482204393
293.74307219731594
65.5874204662432
220.40769080715327
-21.339092313099147
19.965327348453194
243.90926611263606
981.6922380648153
-92.89066842554085
2001.388946186571
-65.63873977801099
-118.59424846782106
-138.13375501149875
7.477322958291634
752.5932836809038
147.36842427171857
-142.76387079067956
191.1159357784266
-12.783396196934277
112.35278039920304
-30.049654051430267
158.52233246723372
237.34172779614804
109.56230535711228
138.9470794312263
-20.504906857171424
70.1356055612258
1435.1653512526661
-104.29971194249141
99.48642819030314
1226.8414638227664
-57.418514592499164
-71.11590254111788
-107.36894645703674
1512.798235207504
1081.9849700500274
871.3332721621359
237.96282312905834
-133.14899304635128
3877.5497888609225
-112.81429025724925
5.384028643831511
1463.3264117173453
-82.12453023338952
53.03519750148279
296.00322018916626
-138.42762726863361
1214.0937245325274
-155.2914988497723
269.6888774865425
3642.487606543462
1412.6770632076955
791.7649679085698
455.73440859536737
-30.668343532528453
-116.39518434836258
2111.7880457811516
4563.815696523572
136.18739133715238
-21.792627132764807
113.76724895703573
-63.469864675341945
-130.03367169530316
620.467343101403
302.8198871644586
218.74747965591314
365.29945747402195
130.05096409514132
4782.41108862179
169.81991727251136
377.49628180275477
1587.3408374226676
-40.90309558190529
1640.1988930874318
6099.496629759097
-75.74195043969574
3337.3473335373887
15.06383941136493
-94.04036026634203
941.1491559610564
29.417081641142104
-49.031785070230065
10819.403377530241
774.2890035709921
841.2053347872105
-117.40510374790261
4259.073320849005
2774.7591097045056
1148.9132232880536
-87.11825480398468
-105.09948494916407
-126.77471461884392
180.25650841763698
-59.506643946573796
191.84951588950074
61.932400994040044
-106.45183558341003
-57.11898249057532
2395.71519833899
10.528729817618286
1437.353952542323
264.1778891289396
31.706768349018503
147.28482463781535
-245.23836000369465
-7.808605247487693
1200.0514861714892
155.37427391623544
4779.813891833707
104.14777628080178
602.974110487251
-196.09656199095994
350.8213066850311
-150.03175600160154
627.3834042921837
339.62378996961314
-159.08302906633932
-82.58068004965804
1010.3035051269294
10.156178971069412
-153.9790917267284
74.66541716685559
-21.52057196024775
1876.4259623484727
100.43335636217728
-100.61287316315712
-91.2459901009272
584.0234476780266
427.2994572537476
-23.308653283504707
1327.8847950060324
-123.67395304933949
706.5706417276224
-61.47543079936209
-97.9845090411236
31.551109328479754
-126.18256368112782
292.39181302134716
-144.60439546124277
4508.03864256185
-63.34345674201629
289.2188245537203
112.29841412800049
322.4127557383692
3498.042365913556
-73.46545871702564
408.58204485747166
-34.16449991286958
-110.01707548795123
-136.918455291168
574.9383116909621
481.50815921818577
88.89352838759902
1009.8794525007115
12449.121485861744
1144.657966456919
359.6659027351945
212646.1580516081
-168.13000195461535
738.3001544266041
304.8457368765102
162.45042331312897
481.472312212011
181.3491750271662
-146.67924866134533
228.08414164604875
119.59922657243342
3116.173793990547
-148.52555812758277
3557.973307470495
829.3314605221741
4864.363869706799
-16.00602627859831
206.48034965678104
766.5417542068153
262.25895389346726
83.82886237563706
196.8687690426658
16.105866674199483
244.90217164021317
4415.9872793101795
-62.08229647258873
501.15845612528113
2678.6575149435666
95.14069726089443
204.53041661620648
-91.26265395233868
486.32383516179465
2525.7414037421077
149.73530482136945
-16.161786772103426
126.87457977234625
-64.030432769284
201.8599999592547
-118.09261937131237
25.659548821206332
-120.58975934860808
5579.846298940724
-112.82069956850788
182388.23862179942
1282.2122426849837
-114.39682546984066
-53.46208742719944
1336.6302348551294
-19.169881503853745
-86.62689601320645
324.85964183871204
-100.48555846265542
-104.15957477698895
81.06929851607899
715.2828022611612
-71.93507156242362
665.5560208065903
-8.731113232229868
-82.70492700515211
-10.090948747690645
1031.4010851249636
2443.338962561226
251.25633068729528
48.92950706296348
15243.48012693369
825.6038090407795
-128.25345913352888
123.83931613563936
-155.38740123641531
-62.84662237621133
400.61391299190564
136.68974571091834
-118.29870282864348
109.90976589698114
140.9540536174552
155.17248955291927
231.10779775735935
2.4095576560726704
-114.87192198054956
170.63488194834892
-5.0547922512754315
25.851159349254633
149.3376278627344
-2.0864325874027623
268.80843631128505
-120.89577742318757
-114.48448994722798
-54.89853223690049
6.542827469965751
-35.89805289165524
-103.30934975685274
2767.3573911090803
-116.63761001377331
-164.19985981528913
1196.8956991809725
830.6334870034054
1044.3439141032432
730.3109498141324
660.7907580961273
-108.21501848802069
2321.8502515907276
-167.32873276122157
484.936117155028
3.357890236152354
27.205220998877927
-25.441610619998414
-41.48743767958611
49.473834964338415
63.007556240059166
110.98021047174008
6907.215536300897
-143.1461555635166
873.2046119854214
826.785940085204
-132.53224887589707
-47.48972500626034
-20.737749808109843
-91.0342473056018
531.820878051384
-52.52893308798091
-38.2286354436148
-146.31845992915225
170.35689302678637
403.4882774929837
-36.02631867362792
246.16325056604595
-5.723707126215958
-88.77785762211928
163.79170546500137
790.9975663354155
242.5069542354493
73.25412513727989
-42.19288840583887
395.6098537177156
407.47961152837564
2442.524831856057
43.19711040719158
27.289744604755754
14.054971978359765
546.9756306279066
-95.47178569338351
1828.3181401549828
27.363544176394022
257.12198633575014
311.2955200710431
-73.36146975278761
937.1971410750048
-72.56279272444412
306.7287908504861
-38.70478245591808
13.962108888340154
417.30137227447665
177.55909816503896
381.9273719587764
345.259776351159
-9.609466892012426
257.31612627506735
24064.889626618362
-75.32978475771861
-18.63699604633573
284.1364468701075
-97.45589053807193
2252.89809763189
-44.516088867339526
2364.5316983747207
-68.46943036365596
160.9537065850818
-5.596834000549844
246.41445835603486
-31.193245236664403
804.3946745083607
-35.372595445092635
657.0104298434699
-108.34794856601013
527.9238226259201
342.39929830289304
-81.20628211636887
1274.308952169854
-52.23394498303829
128.0495823753317
-82.80203289857765
252.88511490646462
-63.96780229212184
-51.95603925808327
7.666159289861367
5235.698431648301
893.4167458117425
331.499945643636
1892.5856324589934
-120.7538083388676
299.89815636800273
1534.7805446033246
-18.462320474418586
-64.61609608857556
-67.99381389881698
60079.77828116557
395.211312337334
-9.052552113570101
145.60265158324853
-8.922835014113012
-22.176721503026695
1362.0081589733538
331.5799366543724
504.36813305411135
3.266837823980527
209.0148864965349
-101.71742515427593
909.0837643367955
-82.13251850188654
2005.140817406331
-45.00696558799462
-41.075787091440276
60195.476481464466
8287.289453974456
532.9202589755932
-5.47720208062407
186.67484443098198
-8.372226716920908
3836.6800526484594
4160.656070718141
-125.31045358108138
57.18511189518059
336.5600641441043
598.415205163293
1100.4419011085492
247.956763006815
1215.9069341268375
298.8287078662313
-62.43790929969226
161.0526870309231
-59.972514662338725
36.021188786446764
-100.30272223812426
-138.66372820047377
25.711595496303758
296.56101913520894
-36.16414118441779
-116.72525606531298
-62.38718261485336
-50.25246833030575
151.9653041400906
-86.5183530553456
-30.087056275989855
412.9746843540757
527.7812476596424
1424.709011988634
530.4443431062803
732.7354646488122
56.19151625924108
378.7193105298892
294.5959318260644
-104.35797059737716
1755.8209935514703
12.068604097329073
31.466034397888848
-118.48367664512385
-104.85773604112177
213.13925401027717
453.7064564855382
-26.932894373443457
3982.613553232682
666.425743954426
297.7510217267636
266.15053889517
166.63723442166298
-57.42600639820941
46.27331808843539
1507.1074428132827
1266.4662337168415
1206.0391326905099
197.04128803633586
-36.28779859150766
793.9222894347063
199.38892541956565
395.4687169164965
431.97118723057935
-125.2180494401971
124.85459326444159
888.1679157167396
615.5158920341653
11.572849163886968
312.01732311549836
-71.95109630745792
411.9672423778841
11949.49911706671
2700.1878134236035
375.8963832828625
-43.07132528797799
613.770654848219
593.6470188802074
143.22845123506386
162.45127030906212
601.009297670136
-102.81533033846249
760.6305467675971
102.62637135169516
120.00862674596338
5.430355728377183
950.2684931046819
74.69410027164957
-61.618939492850366
1274.5026363102193
-81.69987519184443
9665.306209750343
-82.31541531576772
2927.223488958681
-25.73623465751085
35.619634250895245
795.3867274855204
550.9290684750249
-100.80616013455453
-193.13484239961394
795.119183467286
111.82755872003345
-50.19721863372558
-89.10133526755871
-85.64167539325966
-35.230358435303714
1847.219608104328
-51.57990848566514
85.99368352032346
-36.17628207583493
252.10944853944764
-105.08739249622445
-87.2786245065414
114.26980453211945
17.898896866105652
370.61188839840815
-74.15965210147013
266.4422225291352
1254.1476969366167
-24.032584883336636
110.68484906071669
71573.11344100104
557.0891501609694
383.1546333515708
-120.85071249185899
235.34188957469496
58.636778278625094
-30.27349251128793
264.9600547351687
-84.04469717363888
485.2216236571039
-39.645001465586496
386.55901650242356
-17.34989844565589
135.5305067415433
88.7315202194864
-23.919475297541467
80.12513588615445
1038.6592606604343
115.01244216129452
5991.063800693477
-116.91100454880362
328.7722514658667
-27.09355489008744
4984.008352154479
373.2765952696618
2269.885956311847
-2.7656771620312126
-47.42976420814996
570.850183023093
-83.23073210361964
-13.936003882082893
-88.7632101512668
731.1113721782206
2170.971353988361
79.7402060745207
4849.398428301208
-43.83683657590043
865.6843298122684
2152.9386186812794
312.7831711480121
-128.69791118079405
-8.682552725791126
96.9196271358487
328.31338848472785
-75.88774348309313
12.258637760704064
2271.0462521370123
-66.77124696856428
16.628171133578842
-58.91265475601801
315.4140383456949
-72.27082908131086
-140.77405027836573
533.1670284722434
-95.039028790118
-92.45212515643426
73.83370241680583
605.638176138489
-112.40738860474215
-61.41338725838443
191.68172756298807
234.58790114161474
345.5378844049748
-10.34218011117327
-25.834030507209572
-102.58130699716604
14.45018290517389
6.721873020327527
965.8795553395993
4241.880957067457
-141.31523430297284
9.94224503534071
-121.44319669840765
-118.68514930744679
326.29655161362274
-108.32030748510728
-98.01872319234673
139.59277299692235
-68.41140766160362
875.782814971565
-0.825527532269545
-135.07943772883505
-22.891401894652628
-119.36296660876833
194.75212190804783
135.78097252014575
8.780534013342336
-62.76907365593841
-11.362734686902986
443.93773170213547
-106.39649533573862
33.90909725863938
513.9055772427297
2906.4720005628337
-169.49652196914292
1040.05639722862
-0.17366202247480667
1715.7334505123176
362.0869473550391
43.81423020794671
-9.78954401334147
-62.536074165244784
-69.1684567755776
3441.9920887746016
-139.6103410576599
-61.52643759848188
111.70319721568453
212.0633062832944
70.727212496319
-78.27617261128941
267.53425285023604
345.28545637153263
412.30238938368944
335.349303426905
25.059763034153256
367.44233200359935
446.57614126161485
150.51009852734438
-65.00768735423108
-89.37814686336603
-105.18655490340285
338.0634498136454
621.238215774909
308.55659628459586
13053.699070896319
194.86785025891004
750.1820831843455
25810.737904339585
14.113336745623124
634.2602131572373
164.44988719405444
1218.9760752228244
201.56189285740606
40.521058132457284
443.69640791479173
175.20064202654058
-110.75610508318813
-115.79957732418795
-50.561517776944214
-88.80164518803767
-61.39431631504274
-172.09745386068624
698.9056438921311
1885.569892653105
335.7175510301895
119.06748818431609
-102.88082516248127
-118.14758672788376
112.79529045774713
31.753377964958155
445.64123468064054
130.82798697250135
-174.38570370654043
28473.505685088297
400.35829620983486
51.71394434403628
292.75555391021646
334.0444234678834
190.87510215482908
1206.3544498643369
-68.08709785058636
-108.18973053266355
-89.14274437491437
-9.80361545729724
1807.202592812885
-191.70251091652997
-23.200339907351502
267.5613961279662
165.77664781617818
-27.844921791256457
111.95118762072084
-85.00477327169095
697.713325438609
1196.436355282735
140.31552647914168
736.5335745260505
-102.5034481907045
85.65436718945095
467.69221949525985
-74.15687790703423
9.966233139121321
3851.4920970621943
-53.078436962641035
235.09653043531753
253.459027008682
31.772212512388702
-95.82049493021567
52.1397256276036
-7.7566154871281565
715.4397411972755
3365.8318981566067
3405.6884321352973
829.3648038412658
78.80468909301992
93.51135444426129
-65.00883117839325
254.99108608279087
267.8440997577982
46.47462372918964
21.755857915176577
866.06525185523
-1.1519534240819311
788.9337421366773
27.34212760238438
-36.08335292018802
