-111.44018511664821
-128.2146879934807
-63.75898254488323
-94.65251387750995
-127.91683519884258
-238.40086108930979
-5.49880573894637
30.304614288856346
-104.8772982897671
-74.83911197061305
-70.51461102154875
-135.3213518450376
-95.969514879573
-160.85239828418258
-141.7357573552081
-117.72410383198657
-108.1685674091757
-33.199122181952795
-71.5774435541524
-38.83374557652984
-69.71592423093173
-57.35342458572515
-19.631479008635978
-132.4622917734232
-203.00099058250103
-71.98008841016367
-139.28426611153287
-100.09313943785709
-63.176683709996325
11.635666052284392
-41.52767052179561
-146.99287484442175
-135.40265902064533
276.8111530895513
-91.3799156271266
315.5328216173257
-123.26613574225512
-73.47832210580279
-126.52352246764464
-127.47328260080552
13.664127919229465
85.19697392066087
-21.73076710197134
-156.93276759707624
165.92068593079742
122.83746421815333
-24.81907613818269
-255.55335321683023
-74.91272305302198
-65.17046794699068
250.92992340640734
-65.51802625234264
111.64372313215367
-128.5879762948228
-149.93244835767197
-41.83218818636801
-130.72162761910403
-176.63860018447164
99.67444998935171
-231.21875943509627
-152.66423389202384
-61.254589101045276
-178.10863068277678
-100.2875716129814
153.35079991433182
11.128263256750445
-66.07848639400518
-119.52408439564053
-66.06136597517295
-110.46288604495865
-117.26975142140522
-54.86334152410477
-112.44979759588327
-101.72627125043321
-162.47756533984187
-144.15802566138075
-106.53251067323623
-74.4384633860385
-85.07990950429274
-178.764000729117
76.27067725124517
-186.64436056889846
-109.14041725985875
-90.78111539521818
-106.69297250835908
-175.77104792811235
-111.3883269574681
-66.66789254253727
926.5789235223335
-130.51718815761222
30.376334183782475
-86.05414147318639
-86.36508204949698
-51.843736429348766
-18.278771459248848
-57.1694871338993
-173.23435079504893
-14.392154888601794
-152.26999755061274
-56.395400333395735
-126.01571371868611
-18.16884095379791
-54.424940378620114
-50.86599087294126
-83.82965172491353
-148.39835799702473
-87.44781896812482
-209.88929645925748
-116.8357744090379
-143.21117600678218
-42.76621443648329
-103.17375729094665
-72.469530132857
-70.64585244882305
-119.90668882383616
3.972495128036509
-159.01922857191124
-87.31255132502798
-78.35089748002888
-121.14902110719868
-139.2880663997209
-139.187084860949
160.58184017657257
-125.93395333589959
-68.88395962190869
-92.47059615250235
-70.95740785361141
-125.91165374083653
-100.54713700661488
72.2508782033977
-32.06450545660453
-75.31193751036706
80.4882587661163
-120.7212535812486
1513.765014597223
-129.37005465762724
-115.63280819393425
-105.47772638503139
-87.60988452040729
-96.46047979287185
-58.51108743142845
-70.61595321766261
-134.7141001073762
-156.42476904979264
-89.39762150054655
-145.12013314560284
-45.326091393811005
-81.81664319446156
-134.71018876630276
-114.3680708230471
-46.94257422819787
-148.49187050978202
-189.54247781844904
-46.03955247516035
3907.498851188233
-74.450781699755
-133.74366884046316
8.67562998444159
-79.37070416829951
-116.119785123319
-89.28714984502884
-149.93852675500924
-90.50415714850756
-169.35663668624176
-188.03705257468377
21.831398975744047
-144.49918642735466
-10.410242985474675
108.17422355524187
228.18769542323002
-73.15082375196938
-109.34925975568346
-44.349127790371355
-87.1974397577979
165.4091917756908
-86.4914927006945
-2.211592468906041
-42.40700706410172
-85.10684702668829
-225.66499039225636
-147.37752195548325
-166.60221963742868
-102.65302293369596
-185.20747384326842
-56.19857942354982
-47.36304697916859
-43.233379689930544
-80.00033968339065
-28.360835393013804
-137.53048112374518
-102.28106735403055
-172.0155434389487
-119.02171858588416
-103.38215356827318
-83.17269437171652
-60.94310618927758
-137.1946253427107
-88.18197158546162
-144.53227522088514
-151.4647744076288
26.829789474154268
-47.10646371883241
-62.94701951958461
-49.23196046774683
-64.12004977918598
-44.438074083333824
-79.50084116285157
-113.21777031420359
-65.08626115065549
-183.49142166720807
-180.79054076794833
-81.20055674774623
-88.77543088153801
-135.26788670692358
-67.83060881611983
-87.28251940812264
-74.47656891292515
260.40557324191747
-26.48329993262323
-144.2594660369539
52.84053319315756
-61.38675910411005
-147.0703129038911
-119.2351488153643
-60.410365394584645
-105.47866065956808
-6.465423538519728
-102.55010515428825
249.45629999556456
-47.68564627925848
170.53506405499346
14.377305972984276
-56.218477728341405
-82.09175773751842
-140.6365529429
-115.39117693387537
-11.788200771118458
-70.95350045115252
-105.78305223989597
-84.57839268913416
12487.224127716594
861.0232045354644
-64.91366527031654
-11.459085192203968
-118.25623744746979
-69.35522443287798
-138.90234596304217
-139.97357588675962
-178.6169107126271
-119.1026508995411
-92.09478599497832
-68.73490634574425
276.24460752178516
-117.65915039207032
-38.819018090203755
-83.87068297468532
-47.58644360176784
-164.35544617835308
-94.33718607881916
-207.51549050389653
-107.95103621201287
-109.15288596749471
-111.59692542112444
-185.41698913324802
-130.0691717633734
-136.30440623549066
-61.57080745088697
308.67532523447034
-96.59311980580614
-21.79122973299324
-104.43234760162439
-71.33402274756838
-6.5405911617883765
-163.14036322391135
-153.8702071618972
-44.862056390774626
-44.9157578951595
-134.8061434433831
-123.685907005011
-204.62143008066448
-70.16146229143723
-136.075167500416
-68.606982619002
-80.24879844430788
-125.106493298992
-88.33597908084306
-100.9286646764451
-112.82995711656294
-80.82330474678987
-110.27466179589732
-106.98707823480684
-43.759377297345395
-159.48027851114085
-72.17120595933208
208.02837174775925
-165.74528419512225
-80.65702471351997
118.56075946404707
-13.993538984885035
-36.98979656991827
-87.47647768502908
-70.62586154461567
-153.76424241906778
14.335692062659193
-215.52612674872432
-23.933297553875434
-97.06407635925774
-111.67425272999091
-72.85531649448201
-72.84759398431602
-103.48902063738277
-111.88166260090377
-143.28004486914435
5.198905899805772
-153.88377048161178
-89.95460201778495
1.4796011408620184
974.6558978137076
-122.55776723011775
-36.50259307282413
-160.73969822516375
-267.07192145546026
-116.06986114612293
-91.7187467176468
-154.34367391383662
135.9420313919441
-89.96451968348802
-30.4724351453235
-148.41292671636305
-131.66495700086597
-148.15219505295775
-83.72328860382352
-104.10538330892051
137.19262688992532
-66.05234517531032
-135.21194187814305
-1.732438201620893
-185.13552050573583
-212.23250625046435
345.69214415422675
-76.13856736100789
