-9.900048127552324
404.3026936663278
7231.701060178418
59.773702930114055
-174.28124341890987
481.9360313818608
-124.7969766050678
-231.54928969124867
322.3376729136655
550.4255041297247
-11.25412824173247
-52.95071238814535
-57.137654421219885
3627.2012512229053
64.89031016331631
1518.8125404200525
-28.919093030435977
3.316980452080945
300.050757494229
261.05864106056225
2274.6970835994607
506.26985516415334
-192.33386130558438
-118.14477217909449
-108.92079941200265
-151.44177427265535
-127.16068611048269
213.93320410944872
-3.0765460161565032
35.11144368032447
-132.66833707980356
703.6696463158585
-89.73298028217556
-150.55684035480567
-5.332341432648906
184.77558967595655
326.10345854548603
42.7148315574722
253.7111230639025
-215.24452316949495
-117.75176011867113
736.3302832907895
-136.797701926999
3297.160124541845
-25.032060684626604
65.97289726524455
-94.53659313832483
1433.7771848077755
-147.3602088005193
-104.9717665389049
-96.86661286602849
322.11573498118895
61.56862140134428
611.5249514697275
1170.382439353993
205.2291992449046
220.51039478539457
569.5328827501562
122.2107486414521
1773.4715890893979
-59.53788485140648
452.3987938573723
73.6071924586015
679.7509410468681
-223.10442293222718
37.86064353865282
-92.92461541876406
47.67622012492318
-105.99708583149157
209.3375195113557
-188.67138870053856
-158.47830534616511
-99.20645017067909
749.9235409097596
-166.23247745043454
-38.54376072139831
-64.98858257783579
-134.74442146389902
118.33146318204443
290.32897471783093
-114.52491220450462
6.227317298651238
-188.5256659458678
1739.2586299727939
4181.402882958461
-166.62933231116318
66.65214963536158
819.6984967247281
390.26284678599876
750.994362592936
46.38457124898863
346.8676882489996
418.7806179541731
-157.51749964302985
350.2575803488692
826.1881065576652
164.61321372118283
-77.62582186455715
104.74586770269649
183.84237538937435
1246.4037446899908
-204.1229498304718
1100.4213025456136
-42.25905904112084
683.4269096381519
2454.5185601332864
74.9176930244726
260.7483258322466
723.1196774192996
22.20004252289816
467.33980685166523
-24.745741167869436
158.33075014810478
29.590958321712613
224.20366728723582
273.13432518905336
138.1630577738987
4368.632805937068
327.55482218081283
705.7587642349625
445.7076765848276
4485.933337052166
-106.72076093593527
60.48576229403206
-39.63080918749921
-39.535986235763325
-106.68399693914367
1935.605136533212
-3.5271536950014646
-135.37163059224883
91.15775052344645
63.69232314797623
-11.154318518480048
1111.0646791302952
84.72919226092809
-78.14716397907465
868.248936104576
272.12037329441984
64.2447420931606
311.7187621515572
264.28110567378366
381.2052593707312
-150.20405986393928
371.5149121389149
-106.79094718802111
-100.79068602353836
265.486210960963
-123.08492923126073
-81.23259925455493
345.7774742576185
-94.94376500349576
1621.3745752265497
621.978598487017
458.5027974720018
98.75159646541304
-158.94384373405552
625.351491839584
2325.6881927784993
956.8207980084201
255.77796015003764
103.12504631491629
-78.34186664649059
342.6387696702694
-138.28309368375218
-150.7690316532799
-46.1734985378036
-82.87809607396251
-4.19110820857887
242.67036744767043
-203.77740236342888
-47.288210067787716
47.133007883733626
76.58181037600566
-11.555751758041982
952.9054724969832
-124.7669983363967
-125.03290562109123
-70.28413582019114
-68.74645124697847
1846.7684562271215
-162.0990413489339
-73.54443591402271
731.438083403414
81.56287488910283
291.4282036919326
341.9645815136248
195.06773234342444
-7.567501547397836
70.36417530087165
276.8781256725817
181.2367617429009
-100.56449517800388
-9.789582714991862
3517.871654168359
-156.9586048590719
-135.42106786882982
-110.06173307122576
-134.01530847240255
138.1199465874312
-94.84080045872493
187.28868670262005
-93.53025262847424
254.68575383526687
-62.502401438733784
-38.339043857606036
125.44769780117035
295.6340278241297
284.1576093314662
-144.95726249921424
-87.39602617463689
194.5112658478018
2181.9889372301095
40.58095709331589
176.87886676876468
-137.48831440008428
-9.51455279877169
-101.92923983648339
20.808921425283835
966.8134885038554
2421.041103491897
241.73725560714425
-39.3714527207531
-161.27410672667045
595.5341847453435
70.72224987922176
-67.95213885499852
280.76348312525954
67.41388724929658
-178.32001161799977
-64.78298555035411
820.189358488572
-26.01136115877215
239.6678457217847
914.3985323521833
1944.7757836686837
-171.4078945724374
234.35327442250517
-134.09328409202575
1939.5555633326715
82.2306083148839
8.03212207591136
-38.445590558677324
3039.337128353108
-56.6955098447848
25.76480251695753
458.26937773598473
-57.93551008725115
372.8109745397665
-152.59172414439462
74.23838241481499
-17.481762099035155
-127.22031792147847
42.7617334111169
-86.65043514048722
3025.7127323262894
144.07253886454404
292.95441466009237
513.218018411846
128.56795019051705
1570.579943733139
357.655990848449
340.6119248755539
-108.30905446525253
81.95018312666629
-23.055059566946554
175.55392531568907
242.93919542050406
26.587545153383935
-58.56566777531602
-150.1139724528343
-20.79713414405828
231.5391099930774
-119.53021249529937
343.053909424199
1406.4658114518793
-92.53777080284834
243.3788842949866
328.26779895620484
1037.6652818763332
-97.57933557146139
-253.9905409865873
13.202912352938668
-71.5869465905106
189.63478636172832
469.69092414690374
667.2699656985193
1023.7854639450236
572.2768668444131
19.46901436088143
1119.9803198931118
-77.40062792340876
17.163666839704035
145.61933988651958
1565.3688851381546
-27.108586271557403
40.94025608702258
-42.114384738827226
1130.7000326543196
524.7640953209627
883.7724123663855
314.476551641044
349.50166332119596
-126.53740460943128
-89.67624405155574
-41.933851610273116
-28.522313547698772
686.8530158224571
60.75684302094018
687.0675294470051
-88.90976931205685
749.3148265261476
-19.77019480841188
91.32211810397166
95.03560039872362
155.84459719719675
612.3591652556233
-19.98617117427357
1195.5338707559652
-130.0912378345446
189.1009561330052
23.99225004027042
-21.381488229612213
308.1171712261326
-92.33106676429999
74.2276237445063
-91.87917238416047
93.47520664002401
-18.710283254280927
119.68340276769948
-18.460663442695992
-124.34432500557499
-51.76762100544212
112.72678840063824
-20.884128998694575
-147.35275674843004
-150.57591071663657
-122.89446214475542
242.0684547997257
-146.54427390237467
-153.1276800153917
27.307290071258986
-147.6494692593067
207.4033753526973
-129.3774233616103
-133.77076749714732
115.42380770358048
-85.8464872393715
16.24436180084005
-84.13622895259856
272.0271846467157
-124.19844341975814
1743.129365436434
56.31351387068379
1329.6334803893853
-138.71567511343028
-67.89405736713994
3196.2384519786797
17.784386369979817
-130.18952881510899
519.8612487904326
-125.40484217137387
3544.7606794151143
184.42816569292214
1801.5789890995798
15.807931919542986
-178.1086561471469
326.6605525079354
112.11061216006138
237.40620315357768
44.719212732000166
334.4752757169237
47.53246220882697
9151.677157963728
1481.8377892815254
-150.48037350262388
341.986276519036
-114.95826207023109
2627.306981806496
105.96376779106576
56.842625913154876
1813.2736327558555
58.84973481554744
-113.56555564666034
-47.144955533115805
79.30118068426673
-147.9636373291567
66261.28402349204
97.44750458432627
-76.2030386874679
-203.6242750550911
112.11196456174038
69.88502121740837
-144.20967270734437
103.10955684606074
-176.84086350620126
126.02988560077355
345.6896572936177
632.449525449056
22263.12051805529
249.71872542698006
-26.62287570834666
80.83304226690528
-155.88571646069445
-32.553187708651095
270.8733768292771
-135.18101611058097
149.19778330890654
-19.744040183715907
263.17515376821063
339.08153886069664
274.1676511343489
-183.6564458346841
262.38748250270487
1381.3500474034493
517.6125452951238
172.43891514467546
142.16464885879384
509.7192676670843
823.722973953917
46.537356489587474
1.1970906004230426
179.34162902214652
374.59499550432764
50.25557279088234
159.2429602044647
-117.82102679297009
160.83474435965172
-122.06661460739996
43.90187486622664
-124.97067883541949
300.82447953487
102.92479342084171
187.17518710619154
324.3230566655241
-138.48135455526395
165.16068391260384
248.23774801761536
-54.134815290954826
1606.2656303224724
790.5700267100274
589.6624295746252
-80.35856617074012
-102.95494924852197
237.0625911462616
-11.93082557632794
-186.8901769884026
62.19462363606462
3240.420549288119
-146.84503140847642
694.2126418912451
-159.31872487268296
394.23694520612855
-52.846663212136335
797.2968676884266
-67.10958104115711
431.70760119864724
1385.3527947525429
146.19510809897844
-161.73252597589556
-173.57872273003088
-10.543844064518893
366.7306215418102
-31.136145462139776
6198.107331510486
7143.2402920578625
198.5422718974597
196.02721760982777
1213.3997714018305
361.1266060728957
143.2369362330986
-9.678553457946402
17699.106533997805
-170.75266507819055
-52.01300383856743
694.6390949296081
-61.83120503226928
411.7840623099568
-91.55394074608999
-38.93769626098145
-76.82618115894398
-178.78077473143966
-91.4618937394419
-169.9413868139201
281.21772623356486
1026.059219949482
724.323941361332
-54.736557127265826
2435.4779792597596
1607.5104716223816
253.44459336715727
425.65830196944466
-168.92657655815236
61.62959922526662
-80.91544897833711
28.48687224369467
313.09490893390165
156.74811914134133
-188.13606045442384
298.6848455018896
-163.2445652611339
744.4256593695396
698.9020750492494
-149.03686680077442
-130.80129604336327
1847.7495698122284
3365.5983196252023
-261.49440986413197
25.041954070739685
-135.3241132288166
5959.321361907181
2279.3464570059036
478.1942525999059
1167.1845375005273
763.3987066681502
405.5553820091541
-19.94653387808384
2.9048671170029943
-130.8250675034501
-120.7868573696509
-176.8428911360289
-163.22829424961978
8.016874896926607
-190.03288429993458
275.43715639643955
-182.23890626305013
310.9621244808427
134.57225274181164
-120.13319495053827
1066.2225168797822
-122.19855496441734
-287.0724666848417
-127.57926609950415
-163.81969607380313
-78.37585655302067
-34.5600663972375
-43.515276454740835
-11.481301430766505
596.9716660818484
813.6889508932775
104.12553964698239
272.4522620377166
323.9368859426717
2840.962873589902
244.21366934939473
531.395590818805
-38.4413270975922
801.1659723439546
-179.43602879818803
-254.0643062414342
1202.1057126511341
584.4606840455532
-176.87090890319203
297.24251463840227
44.71721922161833
-54.89005833981214
253.05677209413767
64.33724420185766
425.01225821765644
-108.01368723331518
-119.12066802619896
2000.4594968073143
5.9046517396641836
782.327147950921
8755.068002104044
148.2404128761452
-47.50138127159457
-78.93818916457798
-85.20486775531887
-56.53029284488152
348.6346137037102
-85.26153446988033
26.338385806059225
1283.4789100563005
64.71716962090622
275.65229188337645
3399.793066971709
-12.73454861963863
-124.41421796074216
125.82756079415581
-117.19020092806856
577.2322567038784
-165.11476179080643
-83.63033390910748
-65.43557038860533
-72.59558880518522
208.98120432184783
1274.74626217352
-43.5538583290927
-130.95003750113509
1077.4410411612025
47.38383167766624
208.1623757052064
-21.922331178024738
594.0236066547784
-88.64950895554527
-94.45289836177692
70.17473412774223
-31.00185616756451
2027.526747861188
-90.79276595470184
-173.57157308405812
-122.14405699095839
399.7739703980524
128.01261002077737
-123.06901784715049
233.6070443893364
171.7428707015362
577.0655850691957
519.4562979827688
83.25040948620581
-62.48603254295543
-162.76365394443036
716.0893197603452
125.62107600318735
14993.187403561791
1707.4791930256781
-94.13144075388354
-14.931466724922792
251.52684068340477
-83.03488994347491
137.03625260460802
4158.071404418422
-130.84479324609956
-125.43941937847723
286.9244267802782
572.4482218524695
-92.82935744151968
-67.38081553716991
934.4070466447413
128.56671868103672
1339.8939566734898
-190.17484716638583
2991.5950058494846
4355.136947988454
336.9213023597723
-164.22842191756288
-167.13280575151984
556.2598616784987
-165.49433073822425
1296.0542206878677
360.1687799867866
9.323068028795387
14.236964559160112
914.7804291896754
-4.893547278049857
-126.82954170963906
395.1317387027091
257.3764219445828
665.0419012967639
1506.3344997259862
1054.8145262127443
959.001289558382
-60.81418586187339
3790.2974495983003
18.301961696725236
119.6710375660783
990.2983643356672
2968.160857408196
-156.524022850515
853.2574203970607
99.09348605041217
-139.16199994215998
946.4194248188884
1858.0845394780379
-12.743620845129268
-58.53130364939774
-69.3095262367567
369.29648603829366
-22.310711501253824
474.3472316945476
13.157778255721514
1368.5757963652622
249.71757482492356
-191.72641503736241
154.37152051030841
685.4780003054029
261.95161665745354
401.605990116166
-148.67406200777788
-171.0617259497919
174.17903696643208
-95.03629365899565
-121.34249130868545
149.46839291156482
2276.8917430135034
-109.61546965752069
151.9495800293947
196.62710257971253
89.5735075904385
168.6566536327456
6430.461357545319
1474.391831468945
-112.89904009389198
617.4956659579159
244.41806748655213
-99.35889136943543
-128.31193502451566
-98.11883549267729
407.6671851261917
-53.38911756094861
-58.31143068499835
-72.70924529613876
-150.2968566952514
3962.0582126777545
-154.30131789800026
-83.3884015349918
-106.93588286984416
-188.12328375263306
699.6775341299519
396.31931287054306
-102.6488495200525
-47.00881900608879
-62.64358832411932
1698.5553113621575
-110.96040243723166
-106.1820613798253
-144.3131224730564
47.592519772826385
239.70444121757333
847.0308909856029
38.97993837590669
-100.13481358569783
2993.0687895881265
-201.1984413509551
-139.82840088462396
135.8118231176256
1395.5673099246717
-169.3675718779973
-15.715813279439681
-26.3062651847183
334.090329674907
23.014801362355385
116.76799662085618
92.96887349177784
-61.05258358920731
43.19965434227319
-175.83566584562882
1590.4495800833504
37.678175237704366
44.823526497299596
-141.97882697666398
97.26688931398996
3686.3737002436874
-46.851015408862565
90.8101013904902
3820.0195343864584
-123.88706281436278
-11.564249296848116
58.707649062072555
174.3470667610068
-192.01214741491788
4192.337736104965
-65.64565952028609
-16.791573661280907
712.5965668188323
45.83839384474601
-111.11537539893813
-30.876174744014985
409.5872496804549
-162.72792870039302
536.3152923866238
4249.850886064382
-189.21793817653466
-177.9999931395595
-17.3514987370204
474.45025793051013
-2.931028210947338
1187.1215576536197
31.67851342892159
539.9935402754681
-280.28613073395826
-4.205673635320603
-95.42325621805972
171.62600008038862
-37.02895326003219
33.30394369803708
-149.0434481965643
-61.89064537327265
-49.86135941478367
231.12111430709317
243.20271184445028
311.4081453297475
773.9606271649927
621.8969784995585
-58.1753601357106
506.43323162527605
-82.84768534393308
-124.52339770934532
-60.46377148386511
-108.8434764411789
-160.58220928310476
-177.1893641561496
3747.0805202860206
2180.985050618617
-209.7521097573988
121.43130117567232
-7.1202587331039915
-152.9108596202736
131.03183522323985
-23.46117416664425
-217.54360344643868
-313.0448737467298
767.8453414863403
90.89946988659551
427.1274059509005
-111.17829699309104
153.07972226084743
Infinity
250.4847836044306
Infinity
70.08517539186059
-150.63362794080868
-99.1505439937128
302.6528920192645
-22.568999631631968
-85.88195410143871
52.75920949282427
130.18212230575386
-89.71338010940765
225.45369704735006
240.66410697832526
-154.29098483964643
-163.09351455469198
983.3561598675174
32.25294312493654
-4.2626379566679775
92.0501042082121
0.5383638359849716
60.20924912751751
208708.31178180772
3183.7076300581252
-0.014723958575183937
-139.63672202977685
410.2783169300099
-48.03689698011821
-164.78549795931673
151.31189809409534
65.8485343877113
438.02475251318674
45.06096606967469
-132.8060975203382
229.0650851958494
387.1426534308433
121.6551487898986
-74.6445518569071
-119.91200260137694
165.185062343326
1623.2014327652607
745.1854347977654
12.927901036601959
-142.29208060384312
114.00406776918378
155.1462836526734
-68.30593795450646
165.00974477341865
-111.3263681337067
18101.15246580967
261.3227502819779
-60.701697880436136
116.52183552462279
-68.2317436864584
2565.497651024458
643.2369830074484
158.34241544740465
1314.0281001495305
-101.06879044444693
-2.577078957238254
-30.217910031594737
169.70208538264237
970.4664962779858
47.8081506115725
219.7398474928221
4320.903485499523
-58.2072458090046
67.02027750479525
604.9853631148428
-58.01504771068854
468.49403286193274
1206.4254282360896
711.1711255230975
425.8980782140705
-45.33984748839437
115.61242585950312
-265.0530668011173
-27.01895043274073
-116.75857248011641
-181.875591732058
383.69062313607094
20.539666930659045
16.13215164189676
106.93127262154248
-39.49383493395548
407.98061077324195
74.8998123967405
-90.51113159121641
663.0877987360217
146.71600027907172
-106.38704543300373
-134.43126432243204
-66.04477352672377
2.158082175487812
203.77064880439556
1742.56305071855
-91.14532444843412
175.3170952725958
965.2155373823894
93.1396575035322
2213.985203438883
-120.32415003808448
28.79591191273293
27.939983717783292
4383.338627331798
110.73036994602943
-77.39942220713272
36.358645862575685
-110.98367825471739
72.31037246390909
229.04921987834106
19.340960358740222
-100.8098651564614
-176.2412522139749
-159.29480405090848
57.15424994431204
136.3004772234834
-113.43168329165007
385.6150822945456
-176.77215605226843
35.795199474310664
-10.522015778061947
331.62478460497897
709.934180748025
-126.28687493745794
613.9194513623859
598.5567735357455
75.14956347900096
-67.29482767618934
-37.0498791198934
-2.106846526154619
-168.05510188952385
186.85881001250223
-11.114224921725867
594.2018227506775
589.78661562724
6.086831092970209
-72.34007286061232
81.82884642006573
666.118873591683
-133.296157478838
1219.5583552780427
-122.02394722910195
379.59266711562304
43.01052415117703
163.26072273425683
345.4578743455833
358.8432546489118
1.0326846780057544
-131.8331528347825
-92.6534933636849
66.68877026745459
309.2483599982081
-105.02310225686898
331.2381030940472
434.94293789279624
78.82663649319312
-33.51958919749799
-91.01102381110613
767.7427968789012
193.1409083008614
990.5634876665367
-48.824644745966935
830.5099766321762
-81.90305231617732
229.09920719771898
3524.1384588674423
-5.38536480749302
166.95715906570655
-15.33416619117023
-88.20846104399111
-83.95548191938303
287.85059572873735
227.02235475016158
236.4344509705967
320.93521210348365
82.11222725887319
-201.33457223225278
-64.55011369440594
125.42587086670864
711.5075273413049
532.5253888570753
63.92631566988941
985.6925614914215
994.3477751586241
823.4553447989472
631.5010352841472
-53.48416628425876
493.24129248044136
204.1944596984954
-86.18024040447499
-101.00553444943469
95.14646940853741
