-45.9278502057182
-28.906424298752604
-94.35371458326235
-113.03185959407588
-30.023855447326916
1647.7030828581667
-75.02279692314448
-64.18645097633303
-146.27146280099123
-119.83720241510844
-72.98402803933978
918.3154379294148
-131.45533701914624
11.742660759758266
-151.54280311068362
-56.253366647668265
-125.04428203686568
-99.85812548291565
-104.4771407733537
-125.03150597859644
66.63015574421927
-187.78683103059322
-120.77376564523436
-105.22635526699393
-103.49090680787263
-80.20843381491052
-129.25456590712298
-91.71544620753725
188.90324819498417
117.06188198606233
-99.7034708042566
-84.52599306624857
238.57285465839712
-100.17720336696222
-114.60183464539467
-113.30677214662799
