-121.86147284133574
169.84736842335826
-55.896398027148294
-84.0097069671967
-115.37405664446864
-86.97892822139656
-77.43220367358117
-101.17924176303038
266.9223836705696
-169.49122295356574
-94.00297175316469
-69.68462574690193
-74.20580078429246
-119.58523574083051
91.66381912835782
-92.48393456099191
-149.14676679110644
359.972161587166
-75.40570872190159
67.74508184026251
-61.034964526299866
-51.24468158434521
106.0274816798606
-89.16831829369907
28.93574596994527
30.411673237598524
-110.07820022364197
-97.2062885422771
-91.1379169059623
343.1210790119975
462.7131446155333
-88.72062570981502
-81.58536705960354
-179.24425914694245
-116.81030044986069
-68.12114795423028
-45.629298523478006
-3.2877417001182563
-92.2074718701035
-55.37398964742922
-83.8601493240507
-90.52111132372617
444.1226876638084
-98.5525124817631
-37.891164366273536
825.2421571941863
-117.58014777419042
-64.22213021548916
619.8286557034951
-42.616917466644246
-62.230421666278936
-94.10368590591244
-118.32269468450265
-20.174347708167442
-112.05693796625623
-53.86757406412542
-92.53625949776041
-114.66338035158759
-79.6162361868868
662.0134479701055
-39.039511636879006
-33.65150324859796
-123.57230841236711
-116.04766107138587
-86.15829355554993
-154.25527933040985
-44.58580363294312
55.18285772771906
-104.65937104712059
-120.07127413824182
-117.83873967444465
2286.353043952009
-95.38029920841163
-56.27615010654689
-127.30871030040367
-96.01901411558899
24.65139949670605
-147.44829770796943
-12.346130667126285
-60.87458047292156
-50.43854800579429
359.715352502068
-115.06982742583573
-105.38992001509594
-86.29846523150675
-156.3903719076402
-116.90477678246748
-63.74673113785028
401.50329808915524
-66.00719098837695
-109.10782317408203
-2.6650289636431443
786.5538590152396
-29.824473020821483
61.51410775570061
-58.19263495871304
-76.83027308444287
-79.62392316656684
-74.37230676401784
-15.935463564308314
-168.04762380294588
1339.8492493219655
-100.95051679014475
-29.99258162875335
250.54921162016822
-118.67053423824197
-44.11630666676913
-42.21190315715504
-108.48978659319062
-57.93216481206263
-39.01575297572707
-86.86325493169501
-116.72372709759792
0.9103666367713275
-128.036481670361
-157.4961597708224
-98.06763514965846
-53.224712898583654
-133.3479855479333
-22.615157840420924
-54.048632814299964
-120.05611079037604
-93.09505090948782
-58.630188348921486
-104.91935614295767
-95.18037118443503
-51.473490128725295
-144.89962488144
-58.45973871188613
-160.32592912276843
-87.06259881891671
-41.24669657825943
-70.96463304863146
-147.4995293343583
-121.96278933834604
-76.04456776008963
-157.53665783685452
-41.33033105412258
-87.54985601717426
2.539038658945949
140.30428610994994
-85.96229262870402
-154.5341407437821
-106.86089777173181
-156.2313931572237
-45.8454578636254
-106.72859568476181
1.5434841631142588
196.52655764315162
441.43032367163823
-100.18999942636177
-63.01425604375904
-88.56689033957475
-124.04415107755858
-110.34758683307754
-134.0901810906886
-55.42803182652662
-154.4013563590029
-111.19428332585446
-105.35696492567592
-38.661594308459556
-167.92599820398613
-93.7802728631998
-61.64053730898036
-147.9332787614185
-86.75404485543896
-147.35864159790233
-55.84689798844011
-105.53754414799478
-72.52127169049172
-96.94719606953667
-55.498003753843186
-68.70071461875868
-176.73221743469213
-29.796743890441764
-126.55972151931188
-74.58171368237068
-248.7736271726192
-65.05028668463397
66.15004787408087
-159.43103801522685
-94.28887297362236
-16.5252443047801
-79.40928390003509
-26.32160528803478
-85.09933574165363
-65.89179478411073
-141.9375976551952
-162.6788637156234
-82.19594101553739
-66.48394710517753
-97.59238469431922
-2.9896665164446365
-69.93433728507571
-61.154478099149024
-60.91857399818283
-109.59355793675928
-68.97391343913054
-114.39817185547533
-55.15424222681701
51.59658336926006
-105.5423250206053
-103.14538534614768
102.86074060942595
-89.9078942977698
-28.28755900030244
-111.18549400665779
-117.51873839851605
-90.4181898876936
-105.45997986415452
-63.203025008684484
-43.75068018306176
-58.82516318760232
-145.17527404947398
-163.56787958695762
-58.56230363086328
-107.01322323504478
-61.3682927596577
-78.2996465778182
-32.65863125051511
-154.68461438107744
-98.37317326188007
-51.39392764726122
-78.84484127227911
-136.1292315211693
226.02681915992991
-61.574570232044444
-141.51581970162755
-51.603448344211046
-64.18419806949444
-103.0938992771793
-117.1975458379197
-79.97031538302939
-15.634933976174198
-71.50052374381299
-152.8214786740691
-111.92835448469421
-104.64268113729217
-18.36207068296318
-19.012992544570704
-89.56953686876977
-139.50079329755215
-68.66626006022459
-156.92321455875518
316.28342262964804
-133.0651748708127
-69.23134199915106
-95.03678804883886
-61.52387946651179
-92.54473520928663
109.07787215178517
-101.81071382028013
-137.33856179035183
-97.12285405937672
-120.6533266715423
-99.40999976605666
-143.43244382662095
-75.0747433474481
-54.051463845339384
-193.7253246517831
369.9189991870694
-72.756411495769
-133.50620820277652
205.85873739405716
-27.107667411531583
-70.87283565232732
-52.0891030737788
-96.83585921593264
57.12381194787746
3861.6650665703132
-77.616755393016
-74.62819444163954
-85.53734508410238
-78.26535799636414
-78.25840841209602
-70.10167397291731
-99.98097075759249
-74.20223291855899
-89.76528812589956
-32.953594284997536
-78.95820623482281
-78.00907737719243
-32.79994768179432
3.394493751516414
-119.444186649546
-47.37365707037588
20.982019861078793
-134.89642396815248
-75.20567482207836
-76.30345477634444
-142.75419208352616
-76.68151517021322
-75.69095659211042
-164.26464305501406
-166.5150761257407
-58.21321841227991
-30.64472114305802
-39.42785455637569
-149.54984747308015
3855.5977151402008
-180.70070778039096
-53.01736919101552
-19.8286847967992
69.33060684593184
-56.18071632441506
-131.70730152627092
-69.65985562960974
7.204713289778082
-182.5531856040989
-45.8469831317657
103.21840910681533
-31.133904163786426
-85.49777772313027
-75.54058411272928
-119.5885643295394
-83.49380337816413
-71.54835176143389
-22.441632751286875
-129.77675006410746
-103.07765727673774
-154.53348237797218
43.50991342135185
-65.03289456252847
-128.24728762068565
-128.8060403143348
-115.79719487757792
65.7621111529154
-66.80870054090502
-42.47416142317569
208.5469084009426
-138.2726092937434
-60.9147511470904
-164.372119058537
-59.51004178171812
192.02746516281383
-27.43702707241487
-82.69463563064126
-59.820675061933706
-47.967971287006336
-95.84675572181031
-83.80645804065944
-49.962367372055446
-54.578342545187404
-79.72684676258365
-133.1991389040967
-100.91667015302836
-132.06136772780857
-86.34933283886217
-148.23079509543857
-95.76975410925317
-118.75930265620556
40.535554745548446
380.81455085687696
-33.013106362463944
-72.56960592155403
-123.45973984316875
-117.72574896371222
-52.63026262643336
182.27328913524858
48.85696594160419
-137.5360279346653
-76.91081079469645
-177.47682229190028
-25.4205276554973
-86.95730702923112
-114.21818517790665
-65.92952109167531
-79.6971144489727
-25.530062114246768
-78.22956199277678
-175.6154138827393
-121.02819899766948
-154.86956446058136
-90.24217794178432
-112.39363036909057
-159.99936646689818
-90.99856640758897
372.0370174363062
-41.8232268354914
-142.43392798518855
-108.82521266825826
-130.8526315099657
-71.6357094605458
-119.64693245661041
-170.06840173706345
-163.60432787020096
-147.82515830973108
-79.97240710642701
-47.45548683941022
-63.30402103052926
-83.38672395974189
29.19680272516344
-102.3534373730648
-120.64201865849103
-93.61584994285884
-79.52828914968266
746.7096164412426
-104.06888751520425
-31.166189320477425
-92.3914246424316
-101.70962380750275
-91.2476928809998
-66.42343041341259
-111.333914082451
-93.28569583073762
-30.54401785935341
-116.26025235838785
283.5840733273116
2.424330395005536
-91.618454563207
967.4035246570131
-120.09786430514121
-98.7115871417082
-110.43119868513854
-113.25005806856961
-149.52215274967944
-65.04660623239927
-108.0745539812237
-69.88650205450712
-34.38298918689996
-121.87826546016746
-74.91383150413975
-95.06771236270482
-45.35421792655359
-2.672779648217734
-98.03882165008778
394.8280457806841
-68.20676478969399
-174.02583707117967
-99.66415181844796
-125.82623398898565
-91.1747461914158
-97.07315991923792
-91.69278833782545
189.01026852685905
-66.98720373057766
-111.61970956507966
99.644714868045
-86.54784962492327
-71.43396002985693
-117.4032711027375
-48.37128473277857
-52.538112101441925
-60.805387419885356
107.89754795253256
-11.154844400249608
-79.60507829393212
100.15626596111657
-56.32763534371149
101.72975561855725
-120.47758540904188
-67.11158967970428
-101.20229991463195
-158.70012416239197
-117.97169671868052
-120.77827994314244
-7.254478379442646
-120.63181741496972
-53.302930546850035
-159.6835258612942
-75.46119620620922
-101.60480831465424
-105.30239343983216
-70.54915943807751
-87.93398039809836
-149.41558870685537
-13.263997835518367
-79.46466951180545
-51.78531488998487
-127.23910933237306
-105.14684013193545
-155.92500982833246
-106.0867563130175
-68.21250217101208
1547.1213560089989
114.52419002942936
-63.39093279931919
-73.49481135925075
-40.37961624394584
-137.91568730612164
-116.21085645183501
-152.87053515927028
-102.96634970139027
-100.43292083867031
-161.1137916954063
-89.05712873679265
-74.90854023135812
-66.63197220513547
-77.86278974086403
-74.96033044303772
-96.57646504572207
-91.66354310278241
-187.73169041797772
3831.3605422611563
-85.98232258902783
-47.15005849565314
-104.23306372699385
-112.27774916273957
-161.4533310182885
-83.86958841662693
-37.09129016449376
-195.36846254640173
-108.94651985695388
-134.78544299682278
-39.66006087129627
-72.45603947220677
-80.59125037234756
618.3734689578646
269.9315559529788
7507.470550807657
138.02651990564968
931.6518423671823
-39.33452275369592
-72.87704870037943
5239.120461097619
-50.166462869252264
-124.91466175182484
-77.90325102309701
-87.71933681762242
-21.847369727114646
459.3269706684737
-75.70704044695327
-80.1051587748228
-63.34428850518673
-87.11824361016825
-132.51679821058107
-20.804578923444964
-162.7761824161391
-90.11621122702812
-49.10850450246671
-147.57087638341073
352.95455115157733
-117.12858158433706
-30.530211995695286
-28.898956219247985
-144.20348399267445
-55.441650606200206
-115.859461421776
-139.05077133618835
-149.76436856553846
-0.28822833898880384
-108.94376493522341
-94.3182493079452
-50.438024556596496
-89.18571810295427
-120.0833994891449
-79.59897325098208
-70.64360867421274
-35.52793780838953
16.776858738658085
-97.45575682536061
-104.03583674371646
-93.60381213535443
-95.85776321447327
58.14893583620955
103.16250060506847
-90.89535985492356
-30.65200478141685
-108.05175476811911
-22.364586277906014
-166.6921643467477
41.70059829976518
-70.10579248693938
-54.1434014644031
-70.20213013950207
-55.160933253388436
-154.9733516724911
-121.41846968645726
-117.87777967288051
252.34463980118062
-118.73209629176091
7.951023410702733
-96.26654791615263
-97.22202890840067
-98.46053796914093
-78.516888879353
-114.27896715193344
-166.7864982393714
30.24964104477098
-100.45616561817346
-126.24461123032506
183.3566312989104
153.30862913390294
-81.4328253772283
-146.20376529716378
-58.15768473029178
-159.7669889698203
-76.17154742692259
-73.76716808035658
-123.79801310787335
-73.61718457879319
-79.94341755130027
-76.26010286455114
32.99457414691377
-83.8362214647177
-169.6196722394917
-73.9149120860105
-94.86042542093283
-103.63188060437888
-73.89983354866857
-24.55778660009615
103.37081950379417
472.6205135236684
-44.09519084007652
-87.42040076298623
292.291716692652
-59.79240454155733
-93.10616236867028
-21.710349757816875
-104.50742535035049
202.1668401792271
-36.777802209195286
-102.75013268552264
-151.09141067630142
-131.02382601111344
-132.94706383301096
276.8077692484964
-141.6342082004966
-64.85915637149273
-0.6675487670096957
-130.421629911497
-130.63023985038413
-148.44934087531408
-11.711838941128688
-137.42696813557077
-27.354603205092147
-143.86900338256487
-95.81125426984086
-45.81932510680714
-118.94971016221972
-58.752506603832764
-73.90074245766442
-63.8707468195052
-108.77563335864171
-30.17066779403231
-81.30411129157454
-80.2762285542763
-74.2017961223993
219.69175929395428
-32.5651539405632
-150.2503647248071
444.3569979035887
-82.05955502789624
-75.1160565795237
-118.5428702563062
-128.1596247783863
695.9885691585454
-117.64756770271838
2820.158557835329
389.18178912880245
345.53786974483586
-115.19357423326502
-84.5656701385154
-98.33851937994174
3.230678684728241
50.102741049934124
-83.6852730391708
-67.90169999066133
-142.0128497348965
-108.07834548258822
-39.14935334545399
-21.98415977370322
-53.174307842935505
-118.99789226025024
-176.78556521738082
175.0956300645007
-95.06011867588661
-115.23616328171617
-116.45343564607548
-183.79108316415824
-79.44357326992663
-69.58676513219373
-93.8993614664984
-114.20021873870328
-134.87749501423355
75.79671405890517
108.01909442867417
-177.75256379287035
-111.08330797114803
388.9785781343889
-134.00845923952926
-86.38648922047875
-93.6637128120327
26.15885893777465
-72.06526660204746
-74.87237698322994
-101.10171814500146
-82.23109535682089
-141.18409142729587
-96.06928252718465
-27.473657227519528
-99.13742365083442
-31.200559699752475
-67.00616718157347
-73.00024323558677
-142.33141624622
-71.19585573530726
-92.35672088363027
-23.06880981705185
-83.64180080759652
-113.73571769885551
-133.7973031946296
-128.7575891113934
-103.96786315706292
-98.83805348873503
156.5848202060917
-125.14685363046753
-54.464728486698476
-104.487183741539
-114.78646678180249
-80.20476306879328
39267.83198353595
-63.94822576650235
-100.03885318149172
-106.02300557674009
35.35381865381915
-115.05091537424923
-162.86269967324006
-33.23293807316581
-26.53379305587413
47.571136332956904
-112.38091571999402
-93.39802171326254
-94.70253061607127
234.91351507005237
-60.86420320758899
-139.5298197502498
-50.61316402401943
-69.09038564846479
-98.04765781109303
-10.577437524872565
-9.83996412416083
-47.060012812536364
-44.349435418941866
800.4378590792043
-42.65142338421321
260.76880640346667
66.4424793342328
158.40336602243218
-56.92582987839731
-48.21760282716262
-174.85684844380552
76.64908976991103
-78.40764152727954
-117.41256400454758
-48.017898842147666
-78.75110519500302
-97.42391468224284
-146.84451996753577
-86.12051041640657
-122.19865504903115
-100.28778826821896
-124.85470657820252
-124.09453243711103
-120.7638717068589
-88.13837564113976
-91.29044243668422
-141.31411112666223
-91.66919658098759
-146.19897948586558
-73.63013775081892
-109.25389611081378
50.070533958143606
-122.62263004015868
-151.16241783138835
171.70206945204134
-133.2382681082411
-127.6832228159514
-63.54893684687825
-49.96972789515848
-70.18149505390426
-142.59328131125517
-17.48212453062693
-75.79691406720251
-145.351075821473
-95.02690011190815
-81.9098204669692
-99.5737002007461
-138.484208148471
170.12782053910288
-81.80193318230606
-97.75740987608104
-142.95998369238526
-68.21059300410855
-158.4741267080014
-25.516357807464132
16.152922070825113
-118.65367784355861
-80.06188614680069
-130.11396289262842
-117.06522234529876
26.074621596091227
-71.52015356535371
-66.83953895453989
-62.57762794989383
-90.01702447207282
8.240576526585615
-178.30605990164466
-44.4838189856919
-74.88129270120412
-84.33516873835057
-164.66992230991843
-103.8301582382401
-119.07940901743045
-124.68044575632612
-123.90353017467659
-85.17232680651962
-78.28002825675432
-27.00076464977427
-58.51785536635149
-116.02381344400001
-44.41668588613534
-87.66707554898876
-100.17279778473855
-113.61005928224175
-151.79448957043718
-150.61135601910925
-60.42024576048644
-72.87699731594553
705.1147641263561
-169.3158327925041
-59.909289001480936
-66.85590261549254
-160.9808273888493
-54.427307333609825
-172.71607361243855
-70.24171458022516
-75.63450403012925
164.6813206538906
-36.257363944858426
-64.52631798037528
-138.30301894079588
-103.87003738762803
-169.7695082772943
-148.27034681521874
-154.61586647210015
-112.92492325656808
3859.0392318501936
-106.7429741061804
-76.74180507736685
4.45727668272108
-130.71174472612546
-117.47530455536388
1273.4190325450481
-53.908305846135924
67.78200225704202
-99.89017952724187
131.7834464651877
-79.3405062216438
-78.81111720343763
-136.531154378267
14.891417877439267
-136.1637879286119
-104.61552255585757
-84.40732530520975
-140.41782373847775
-65.2678519639554
-116.26511497752308
-47.63046303370659
-112.29843299906453
-107.02061218689494
-48.911047440372165
-116.9480116937197
-104.07343854241994
-32.94717752625915
-135.19154000817488
-94.60038359148754
-71.65961517535408
-38.96496054486346
5712.171811859224
-99.88211551564407
-33.05319299743749
-137.31242748367973
-99.46718407020852
-67.26617253776406
-127.26756537803423
-15.107325959403106
-57.56869190722256
-51.153231368101146
339.5930692998754
157.2973822861271
1127.3498113148005
-143.90531973793367
-172.31782776575486
-103.1387351665859
-94.93533712727866
-31.293374935283282
-168.26911378900422
-81.37783734696279
25.513943549384237
-60.48254680475326
-135.17938747997457
-50.858916045586035
-99.25917097937874
200.85715743788765
-119.35935447263076
-127.96814001807853
-97.46462274021093
251.2339435425238
-91.21737150406773
-68.44729325218846
-176.78117588793154
-144.5885796521904
-18.58182637481437
-116.20922248339319
148.3745165981158
-138.9750088276326
-112.07345208675704
559.4168683455036
-81.97051803880872
-20.20843471364331
-58.39059305481626
4617.109122668254
-90.54645926655984
-68.15274535750291
-76.60268962003501
-55.48312648230106
846.1982386856688
-39.693536906133865
-56.032874668434516
-133.8219133673639
-151.3874706632907
-184.36583632568605
-77.09475194837215
-29.0261260880102
26.16657739412645
-132.85635450331304
-32.140262110869536
419.37727594589074
-128.13707884638592
3.494854935111346
-78.44940965885247
-121.27142159026886
-85.86131660741579
-129.79079550627247
-110.70614805897446
-90.54359160245878
-102.98186132547622
-94.68177471794544
-84.87525742971934
-183.46164517855465
-30.057807305894308
-144.02705021587673
-82.12904272910365
-81.44456593788668
-103.87124715655072
-169.5395819278396
-125.11787012126176
914.0196785912177
4457.2205846798
20.958959134188774
-66.07855728034784
-45.55588937830852
-108.62684430606534
218.1529720264976
-136.64715175129814
-85.84153657214426
-134.45363365019728
-32.89964416744267
-70.4811885266825
-114.52029142289898
-37.58379613277445
-97.44580777534385
-73.50007584381775
-65.20187889017689
-94.31235918241879
-71.09789389497568
-126.44670711810183
-75.168831403148
-134.79485303825552
-90.99183780128726
783.3601568726489
-15.905754586873423
-143.29693482202492
-22.120007344362296
-111.94665369729319
117.57225027378229
-113.324717917428
-103.08165214268465
-79.53989767291736
-136.80882485208943
-108.1749090651348
-109.04562939202751
-85.04822167172237
-104.58962714504727
-153.07849155114468
-89.80817621300851
-83.5657759919487
452.6592933862636
-74.70603932960483
-75.90208505526758
-66.97658883414519
-99.80744068767022
-76.82994352987994
-121.76974526175874
1758.4274888761363
-105.52608243488191
-113.55229071095297
-116.77325473559891
-88.37223027153165
