158.01691138014226
1243.4470970274674
157.10546643856281
459.77887942302635
-50.120901621078424
419.59578346559164
230.9282316130949
109.76710700447494
-86.92053188484304
512.3929580170878
-141.54602641489117
-120.6675659440057
-99.81034928596718
-87.65961854063215
-60.01498878670195
250.64741381682035
-100.455724754101
66.5494095533819
-147.65746576100253
29.411202404282697
510.3332117428346
-119.2007504181497
-143.50093143181104
273.27613364103524
-108.77845514239446
344.51587266521034
-10.784119662714131
-139.78312546487345
324.61316198576446
18.646926988881756
-77.93470042471031
654.8571145215723
-94.98589249112653
-147.9431452922222
-190.96171863883401
106.361091978674
-36.982730709779624
44.226919869641186
421.19897431541114
-65.4084630702334
-134.75821823654312
140.21101564575196
25901.885637232237
230.39439521906817
42.09784275305897
-68.5678208524037
-145.76560173320448
366.5789198537861
477.8646280898232
-9.644281388795012
8120.704673128185
554.5979761911017
35.15471968190162
1243.6686286691947
872.116579091466
285.82132876266394
10004.877521862754
1015.0423350970847
1022.7534966310587
-38.47460202458003
-196.11375843418108
76.72460848258561
-118.13298330109374
136.2445025569752
-124.71078455867377
-37.39700874351386
-120.31208179965388
68.09505334103996
-68.00312068798736
185.9529287220966
-125.46704801755504
-182.21410582857288
-44.23825533857443
-113.74811417797687
-17.56654952685951
-71.21059183945385
-104.64534127728231
960.1724280363247
-36.67065812012614
-55.87477396280321
-198.038934539534
-162.26551582238721
-115.21168596357309
-14.204275226314884
6618.69217678347
-87.51295545352157
623.2852738270436
-119.43923358104183
-95.91834887371179
-115.33919335770726
-200.16211794316123
-102.00351111827803
33.49478428065728
83.7441448769455
-155.7407502512545
-120.6122012764601
199.28058645567646
-128.53333817388858
17.227175885705115
969.5190060598636
-54.33276641532092
-96.54678744303374
-9.692593397347213
-138.55666466229403
-175.19877653899192
26.056286558701025
245.53416050201645
-200.25882026770154
69.46847867228166
-134.90607681994206
-20.20852047805087
161.00230246385232
-15.97930841366782
-196.1818008797834
-65.55873165604983
-68.27493322489592
591.6907181661428
-45.02139905682181
63.221709800686156
32.29310646343214
-115.1615017113466
-87.71187734909721
-126.53600389934664
-100.48936988321609
300.5186845199875
384.4211328496204
-30.212864086750464
748.6514975063934
328.37948824301736
8.409324083925025
97.96374971955787
-91.2123781775117
-50.90083478308028
-146.17579005161582
1668.334090925998
-61.41531479672892
-57.110812119618764
108.40410963157022
-66.33603961392265
35.73980594673389
-120.19162975083901
-44.04708461884378
142.36405673415447
1020.7072246749664
-79.35297762885129
337.4755726960191
-143.1328118384717
18.722458736579398
-125.82579934160172
300.6713714680295
-7.974681401229248
-37.06996805616382
-106.34875471505802
-127.6123218384995
-180.12798397505173
-118.26497983711285
-95.63935544715105
-91.96083382042818
-118.84011320399024
-121.3302075281897
-105.27608152443636
-108.04645337773044
-89.17908561694179
137.02039976841496
73.17008250390394
-65.95735261155083
-55.35008544743238
-172.87983537063042
-127.31381703194086
-14.859253734154219
540.4476101474137
-45.21631005080194
-58.70793329492972
-184.32463791218495
81.4861483196634
109.54525404771958
-151.06722911285593
640.6042454573642
683.6099185252195
-105.53307203357201
32.38966751576326
2577.8169597357723
-135.31020622960887
-121.19657732058971
265.7615485763151
2439.789704543147
-155.31556222268355
-119.69356713849436
-70.76191027945688
56.80169806289642
-104.32397769648915
-114.3463764820881
-57.97041003415355
1847.5453848209029
-96.09551455992084
25975.23545338358
924.3500856627035
180.36039659983487
99.65643903661665
-108.63500131936793
-202.25180619134719
-11.25775016946191
-104.8384641673846
603.2354512565984
-174.03384711383865
-56.360292844148
-111.86480190379368
-250.66466481544632
161.16782169968636
56.99711549366585
-70.08943141263376
-76.39331923067361
600.9491977532728
-18.964448546951644
-48.743805986583844
-93.27210678770179
-109.99102235323129
1432.3186714831888
73.16339145320413
23.008074165042697
140.0948949842687
-103.82343194484538
211.16271549987823
740.6225599519667
85.10119541800951
-83.48881094703013
50.507113936085716
176.7697134279255
199.58224716867028
31.24295179282614
142.07392949806587
346.0287373784098
54.786104502472185
-149.7210303842164
-88.82176335797597
-78.59114421102205
-122.72268522843866
-70.59067721693751
103.37482454878314
96.43263311691982
-198.31901896377244
843.4446126831808
-57.22101741701979
-91.98454353329662
505.4751998871961
-31.770671054288904
85.35355464163837
657.8616144537184
-89.12289843211134
365.72968972857916
-186.58189789170993
252.7103301150283
718.2102243687456
63.540708152896975
1733.0502833989121
152.14481956980225
125.37868309271201
-7.711306940802201
276.78631009022274
-92.06122887298122
145.42240871964182
-121.30592734993351
-145.60102643632382
282.81247784315286
150.34484315778727
-73.461501681983
-28.584154329210516
66.79483426158463
83.1118748942053
-134.2921860082183
-86.75284071091788
-133.86762083910816
312.0959764786984
-97.01993985743539
-61.66454770242569
38.51358382814624
-88.9700011270408
40.03771330844914
21.041584147946732
55.450271549158394
137.13274585766993
-129.85922484926905
-74.69275786333425
1225.7031278610395
56.241124146414066
-111.50855373158154
-131.6373085400658
-163.52198276967286
18.05315255454505
-96.27639581670427
74.49278163098805
-146.02522077725357
-125.95955573601586
-140.4478132429979
107.6488070242319
-133.54298223200297
553.0703639451001
-135.12778830051622
-126.89225455099864
-74.12153037292535
-60.09724237257841
-58.80703416110692
506.9429188437689
-118.24296198657504
-56.34941554115221
195.51748408413332
169.67134818768938
35.86091867656813
61.86095449390487
85.39609543037894
37.44344769565319
-183.4919702733768
-156.51370756096915
-8.628226978978645
1092.9584451249918
-149.75829035022406
-23.848123658447246
-109.21374893004504
-26.27680308422476
-17.388968778401928
131.20585563976624
-87.69537998315928
-4.326826854994612
174.3432928267779
307.54085535542623
209.91808227868356
25.302499905388522
-150.32704786080888
584.9775583209935
95.5800736886409
-109.21552426416777
-45.67551281236439
-111.11417500570238
-90.805268649132
-104.86371088925354
145.0408968339758
196.0900390139336
-155.42614400554385
-113.2850445200965
-117.81331712353048
-85.93331981540338
340.3463052787873
94.91898522359077
-46.75863688402553
-43.22835902400206
-141.87765846956245
439.4345137292829
426.58508811967954
-124.20720938678917
237.43227720569863
958.9895876542586
-54.728894218255284
-47.42349345022829
-55.58259772392948
68.52191912750219
-83.96219437051741
-94.69760564165733
-18.935360922041525
174.3145411421175
-100.82887919582728
222.6480067285555
172.1085926694229
-84.47460002567557
-48.394217756523695
-106.11679599036219
-98.90803938496796
-109.23354817862253
-142.60134813750662
791.4585703268235
-89.56007944717479
8.749413721829754
297.6908423587
119.33920807657702
74.0036866914911
-101.98345590971756
-75.07880501911615
178.93858599999743
-89.69072545921082
-32.91099704148069
711.3710010453108
-102.30889979937174
49.003172931315994
-212.0259269200202
-86.31097261763983
121.51529137684517
-185.32540773044983
-130.71699344287052
-29.750222734382753
-148.18211960242897
-135.0731946660232
-104.09215701641568
-43.49307315178161
1991.0009333336925
-84.38303058376317
-41.40119150016156
26.681620190405926
-36.87673737247146
-95.83143469926615
167.80837906085569
-5.422568969874804
34.21544944793999
-110.18249543003135
-86.37102516727481
-109.46244281080746
123.87067308553662
-24.679280319984983
208.6647540622764
-68.79629835650677
-161.73228549020556
-87.80741873543586
91.79987748588374
121.41462318808945
-67.48739641224185
-106.12229858936642
-130.97440799175942
-35.869072015701086
-87.60053467712488
97.59431537069221
-6.731048760211429
-131.3045802071034
21730.539078393096
-133.5058069163668
2043.903143813691
-112.83602239236782
699.5862926698165
-92.3664018101008
-32.78435603870173
-76.65398247222502
-212.065913333785
-195.74913870191278
-18.891591365796774
1577.0998455587853
-66.19524334462051
-119.85043150172403
-67.92146859945856
-146.16924389373995
201.97285279479968
-135.39550418218155
76.77998737682532
225.0156077848315
510.3236826226245
715.1267867598802
66.58327966335938
-108.06941219287899
150.70466974838087
596.7739816666486
-61.71686042832506
-157.42904301593978
-98.40575267614203
483.736129663967
-138.47090076377512
691.3440723070543
259.1810522216273
-108.26779549097283
27.08191493407628
-169.1450847185535
41.69717947456037
-171.7044826691282
420.5242918362634
13.392876607510747
-100.49154969209084
-189.44018501063553
-146.20638483889692
7911.708648345019
-97.07203047042083
-87.52962121708661
1339.3591738954112
-87.07708443108656
-125.35080909594144
201.51383966199145
50.56851266525529
-95.65250774268293
-68.3584195206653
-162.8885398434359
281.3987825217725
1520.1444104540099
-67.00966435948281
-42.141216028720855
-109.07473299588284
-127.30921916338207
-79.98483207488893
906.9603473329643
-59.56339738489352
-74.36543343294156
-160.45019819471517
330.44755025807524
277.60530650840514
-169.60482691920174
-44.031065351522
-78.72699302609212
-31.627600602739307
-19.354050903468128
-113.71573302929546
-93.14681631380175
-127.8069189299074
3236.7051442233437
-112.0667199618821
-116.34702627966661
-68.92529489302427
218.2906523186918
-84.42049801769134
-71.82406293956592
200.43973030746832
-137.379800155932
529.2125826281743
-219.96852136104357
-167.65882050733936
-112.21047092158271
-45.39716985125042
1498.615795852455
-113.96468959589103
-119.49223808672787
322.2700646320258
2030.4593106071861
-97.53646008027731
-123.21880139427257
274.06088790439077
-152.05258300877625
-60.07159723142761
853.8328340747757
21.17171532280995
176.2033849838561
-45.54578375768027
-229.22665591616993
316.7813935643704
-67.57427769078512
24903.354593231223
-57.43150084196055
-60.42131512558591
-147.00850378796085
-22.363515846396737
-53.00157966316887
221.02402044487397
-155.04440818907378
-54.03664490929148
-97.77917408068541
-161.3972482762773
442.56901167372314
450.33373943781953
-47.12406964480262
-46.32851383285664
920.4787136070685
-124.59285686704408
-148.2645175192221
-92.04790276864051
2142.659976593351
-124.2053504757092
-21.93735700760121
-144.23231165210345
-167.74384043980464
12.334430148033185
-152.08476355095485
-86.23587200247522
-126.2504920207508
600.4588964765799
-111.25842487467416
345.58889413551844
481.04159447658105
70.15675492518672
-41.18880043823147
-26.77571163626027
6.068175061924896
67.45768559503064
366.8108228526876
-122.4338848932604
-110.29082305364497
6.001973764794833
-57.14334299836295
238.52255484657576
40.08155779167449
-94.4783896754915
-105.20691454360752
-92.10971146102939
-13.192146279427902
-71.53648325290101
-20.688985254181794
-71.29809929586722
533.1763216465785
-121.3488938740864
-143.46611040225991
899.5638699830221
296.0468185110851
-45.59519681162539
300.5957909821988
54.79469183429278
4799.238350921519
-118.10051535395219
5.258722060921744
-54.37548942745549
590.1318085930588
243.04319670374403
-111.72863148340475
23.923274688272443
-64.64568405179556
-158.85749441374668
-105.59894848063689
-111.72346847648227
-4.623974622835258
936.1267652704867
-35.90862790724782
-59.81893735551101
-43.60076090406435
87.84184388292654
-104.51597900016154
119.50075982799503
-106.54167852066952
-189.90354271969468
148.86767717537296
34.89539479765611
-172.1191768208755
-23.252776305963206
-90.10086923373764
-126.8193467487879
234.39014721421518
-127.29107684576007
161.87900109725197
-40.3627077184349
-105.95455728953412
-203.71158859900166
124.6070803602019
1421.9086756656566
-120.48168550791326
-50.031246464111504
77.20304492717293
-116.79553147238292
168.80143183964816
-143.53588974616753
1690.4632516278186
-66.1123670695932
152.19323319754244
644.7374650235706
-131.30936350299424
-31.30809449815451
98.37118543523553
-102.15818372307912
589.2088517866231
-38.014299000209014
-97.29447327660276
60.866568732782156
-93.13132404622642
65.48604681583345
-112.38719742015155
165.06168568552778
-53.9884766118473
67.90207770192671
-184.1682679511065
102.0258728917522
8.349464178172704
359.8512443974366
-127.56067588785434
-103.05943980118359
208.2512441773838
86.76717509738097
128.12675158840787
-67.21646462289881
-63.332507443257576
-115.29079440057811
-93.99369623306718
-144.96014447299993
-143.17741245383638
144.75537627402093
27.480970990010405
8656.439782743095
-78.18385306690264
1408.2258945210126
-120.18682374001574
-135.5677726744032
154.6779221221103
141.91277305708888
7.145009901590274
41.17810782363759
-41.69757190522789
98.62272127712517
279.75080000637314
459.6939002846754
-12.32082328735808
-56.749103021386915
1145.275286419545
1064.8429080734593
-154.23756777795987
-92.30217139644841
-158.08860623393872
560.5606245923326
-21.81314202727956
291.3970401495375
32.486842820610285
-126.46507591676716
-12.138861610346902
474.2663686622843
156.13516003505958
-47.779912622499
-101.18734066562487
-83.98421982901797
-41.32824012527719
61.22481858596351
-114.21617121664559
-117.07289187680583
43.37630520098399
-131.46401891543033
206.27447809430396
1356.496017717284
109.54753715696424
-56.65634980074666
184.41808414522237
-13.341570515402555
-83.29043380511591
615.6403671621758
-149.87595855493097
-93.17526939923538
-111.6181556632218
218.11855571453108
-115.86207958068928
-74.53247213728852
343.5101891090777
-37.09493422465049
446.4376087469666
-125.57300572659497
10.410798365853607
548.9714266310048
-97.3148668628717
65.49534900652239
921.4920885414082
-59.87484966509433
450.5604282603765
73.29249771042899
-39.72887466806393
-136.0249088272053
72.7565300228626
-2.70243271264063
-108.79260505515772
-87.26847774930879
-72.10535312177144
-118.36247661557309
117.09454983918864
-62.279891378219
97.24440671708898
189.0862928013558
-134.6830970894
209.23440510942413
126.21794399720018
203.72911233143185
-114.85707168821354
800.9571904197314
-151.15441927703944
-84.92844356474313
-123.53181122088978
31.462018662045082
-77.44986327187388
96.18856150000161
-67.07353010887584
-77.77103787002285
6061.9586487700635
13986.969469810638
368.10667737807336
-49.581665911610024
1376.664730050854
30.141300057410017
1149.265265155071
-95.58621527688415
-82.27001551247072
-65.07591909668346
338.3262258131261
-61.53719881021458
-83.01454050239137
56.275235679895815
49.14018131910904
-164.58146027781092
-61.078487320830625
237.0007623747668
-57.70696932447479
-127.37873049286114
-61.06858911835181
-39.467819645335425
837.1353682471484
-128.64399343784729
-190.5050774559533
-16.859049800645295
138.82601995049583
6.720658590340955
-136.0951938691708
-102.49201501881667
-46.08323150638214
-4.012563194740111
51.54608121662439
-98.90750782231248
321.8348923683626
-68.98089774379945
326.60987652257296
-112.38529481367816
-64.46354460625429
-29.719407934308297
191.25517891532564
-67.8012858400847
-74.51583241177829
156.80293667622612
-56.976548144652156
-96.93621867669054
-70.05970311072954
-112.21372946187462
-44.65300418717554
-29.465121435682153
-70.8140039618656
-82.95645877859161
-79.0280448248977
-133.37252939312617
-166.56193405490433
609.7820891117901
-96.32348382607304
-116.45968545032768
-133.67505260736783
-13.089070494482112
866.657016249944
1133.8549931849868
-112.51046472636496
57.6749720293634
-153.51352265358344
9.608917171747212
-121.64493319633834
-136.05932022392483
3769.0993918355352
382.22170516416463
-75.8942127070286
437.28556173866247
140.81987867596635
163.00817546224727
-169.9015166674298
-151.16869104393416
-121.33550275910905
473.91359144929334
-88.60905728914152
-78.98856080984203
-156.805054251723
159.63769495921036
-126.45747641114401
-128.50602744961085
51.4553680761634
94.55214113453782
259.7069750210622
763.051946257733
-49.728527872459225
-225.322170646324
30.96612798357267
190.3271244471497
-41.601754772484135
872.3443246300908
-68.15259542223366
10.862010856683874
33.697529007503235
-1.190114016320416
-128.71735616830262
-136.87526728064836
-33.456518636227024
-18.97183038307905
-107.49092843456741
100.10242721721131
-141.0751771410122
-54.88606823418321
-143.4448307477676
-103.80497793661137
-94.29341571234319
129.41921464901847
154.67713658919925
-38.07600896460556
-104.97977937616082
-89.93239482730817
229.9380961012615
66.16055371057284
-72.07530520298258
-142.66495615035652
-39.683444285600956
39.82915414708779
-133.3351430547427
-44.84084820201327
145.5675611946533
-89.96635147167771
-60.009055175745075
157.58820962651774
-130.27138952296602
-106.52812240882787
-51.74972236993369
-126.1424406188382
48.76120523356622
20523.28892400478
-148.68718970671307
1.7546843866355384
-100.53300312784951
-151.58090686435392
76.69661195147958
-95.66355612669787
31.915777191943654
63.00444316220827
614.2126649824302
-175.17253433162702
118.86203142803659
31.472014696424345
-110.85208121280908
9.014847843920887
-62.07138933588702
104.72834619095995
-97.26621644586268
-82.01512843957214
137.0180789270389
-161.88301537173515
-208.39549149406758
-112.49917750509117
224.5432670403574
-39.405689319876224
10.973316498104158
-55.74910121690708
2074.2411736111358
-127.5395831864757
-54.74148613340883
-96.44939562036491
6248.925398506266
-141.57618816878846
-110.70231413846717
-100.791757661151
1973.8929405580168
-78.95828842152403
832.3876879278727
1481.511340895016
524.294913120347
-81.66494558174941
22.98934358280434
-87.49116414198002
-160.4837162985544
-197.18982199558414
-43.83692071895013
-115.73892982481824
-64.73517525599283
-168.62358875165575
789.4690960059046
-93.41036776286263
-159.88350272090744
-172.65749369073077
643.1245626035756
-2.951972981972408
-151.85958785562156
4656.735225405482
-6.83131691050319
-59.11633155553854
-117.03796016163805
-100.56954949879083
-109.72192743060984
-74.64230775790138
135.01875974483468
-65.72625399351037
-153.79212299426737
-138.76532739040212
475.3606881285658
-157.80323997025505
-172.47274289368622
2511.4235587886888
-129.4034572464142
-133.94749004310836
-126.15285054783313
520.9487256000476
50.78829694689992
142.86968471526023
-107.63779129702726
889.4184975784091
464.3583904976072
721.8660198958017
228.9264988790095
54.10755536389761
-76.23212352055273
648.612315574478
1383.3429467266917
-65.36188521013258
900.0590007293695
-120.08112216874403
498.7092139821136
-130.81010216486553
105.06553752555263
-85.48056653488882
-67.92066781457572
121.01620721360015
489.51706686803595
-119.51888790961694
-135.5910870356835
157.84592111756598
-144.6222065246443
42.128096539719486
-110.00036587647632
23.032516918887126
3019.0727610589915
191.74439909776171
-121.48314017426308
-132.3032817391723
93.05035353611942
-74.5801438029936
-50.76746058929478
145.12423813954425
-143.37820680748888
-49.74832722804496
-63.321842735672284
302.4250601521786
-77.36356083808124
-82.15067801612335
45.1012262533223
