-20.692252699008286
6477.912752937881
-85.99428649117249
-53.26784414500845
-120.02294438577837
-112.0384911074353
-76.2235777038119
-99.13839835982753
-75.69276099034929
-134.44467661408018
-152.97678694348366
-78.97687148963452
-122.11526180575477
58.13702138862066
-82.74502369570365
-91.50115755001096
-127.84222442921099
-86.08719262230926
-89.90503573000507
-118.49618784763682
-40.42994136285267
-55.89403757404797
-74.56249505336129
-90.66793227716596
-79.82593944606774
-112.50644333804709
-124.69932581634868
-132.4852142173456
-147.89289734456017
-137.51801365877196
-163.20963571600495
-126.8535655022721
-74.25778419084106
-55.45911841877251
-44.16088227990272
-132.8806427211733
-80.7254235464735
-79.19077348539336
-148.61411796164788
-131.5534523029659
-106.18477817547758
-65.6290431679729
-99.4838371638831
-83.5409868327431
-65.03216538689846
-128.91291513773214
-66.94234786442591
-101.84848067830579
-86.46883556331719
-117.8347621414367
-107.5281748932205
-134.46710169259973
17.208199836842464
39.87273997485595
-115.37248651100765
-113.11599865643223
-93.01247912544414
-83.18525226510471
-91.9953340309188
-190.72056956153298
-112.83109993803622
-60.64658894859084
-121.96225175737669
-163.46422348748962
-148.0111873335705
-162.96275584531497
-153.5788478232356
-89.69935661756026
-85.49508095208299
-111.114575884729
-68.02811549890107
-119.28792891928498
383.88963585744887
-134.70896323948494
-131.27181790374118
-132.40888251842108
-111.16903182244151
-58.79574008850755
3.851806903757014
46.08442779932067
-72.97258390062744
-133.7718083379389
-9.44976715420337
-78.69585232807273
-147.55527919321648
-68.75292042165212
-73.639919710149
-129.52814736702052
-159.1699913555652
-69.65841078464108
163.43552787958623
-127.32341549484677
-80.84891130311756
-73.9202995552183
-145.47408806475363
-177.17697669435424
-134.53128794432618
-94.05702328947395
-58.84236646182316
-25.550125080809615
-98.04476890603422
-92.37334238679999
-91.34078897632217
24.69207077120519
-94.37184390090056
343.4753864494708
-134.75061995906094
-164.90170154575392
-153.57396517198663
-77.64835327809321
-124.69107841201915
-135.13257370055518
-110.37584915295244
-68.73131381087184
-108.21732440852662
-138.9854030881005
120.97949924931139
-134.7361463321652
-47.96302930517065
-88.95583105898605
-64.2350568775316
194.90095379373287
-65.47369307379223
-16.534299907350082
-88.74607359657523
-144.06195986214317
-122.30799403456052
-256.3977633141352
-75.13700705099235
-150.62588445679026
-46.98723700653329
6138.65160494707
1288.8514000213177
-91.94994509558165
-125.32563088577935
-105.11863139283163
-117.98073866137287
-121.71364425736836
-188.22190368584316
-125.77229362573827
-131.24228719999812
-62.521587424035545
-131.7405790244479
-142.6413358000428
-65.6451514369965
-86.08475357704519
-102.70345390514252
-114.36114996149189
