-131.6436789763201
-129.33785292085545
-56.317154985645935
-93.6151299334424
266.8354067808184
6458.2658950523855
6.795686608546204
-173.4594528662981
-115.1455772413337
-81.95285043480496
-151.94081081412583
12952.148140938441
144.33162699224718
-25.93707504718051
93.37391442488591
-81.94696613090365
-84.3941771631695
540.4405018908878
485.2385726939106
-48.45130228754532
1435.334059514404
639.3208048450896
995.1620497866503
-0.33877728491420944
33.058110413371516
-180.0453803842787
-68.91062634581249
-96.39000881161891
11.784850456975555
-62.96055387689488
-90.20793406514258
-108.74664465596713
-26.029420112279873
22.04232865126032
1032.32806584137
-74.25918094703626
-122.66760468457265
64.09588936785485
-70.1015879099243
-92.53937849985753
39.78134024119403
-92.29909569732305
-11.315784543194765
6675.95474194701
-153.3470595912399
446.1494481091911
-45.31471820158498
-92.51296991882633
105.80959316817085
-101.60316884011328
-97.40985287257693
-118.68209859703317
-11.563044840910827
91.32562714683077
471.5318970932246
-86.29961804936387
619.2329511142374
220.28231008202013
-91.8944600903902
787.5490653099739
-140.2997124339377
18.55112740759802
6217.480109373482
-11.847051985254677
-14.72584731141567
-39.811842393583326
-148.92264498703452
19.216388554841664
-27.983691051700383
-109.72759292404696
32.63458858765633
185.77132414846395
829.8133264581932
-89.23992595612383
-166.2284234245335
-73.97426420813977
551.7549280403122
-111.45021054704037
261.04425748022413
-117.92616910196352
570.1200725467753
-86.48518560855243
-51.92346704562627
-109.9345517647169
-163.56332751435306
150.82730281952354
182.28824948433942
-245.9705960346147
-136.565611561374
-104.85571113771996
78.03942784519785
6399.076426209108
-28.65406344798155
-46.78064697003953
-174.9170980327169
-127.9651383889676
-96.49721933599261
-27.439992904522853
-79.41381589233852
Infinity
128.2947887575758
-23.043191613304685
-130.49152315303454
-45.77983632271394
-71.38920073096357
-127.48495969535666
-57.40472310809899
1003.5297236397753
-49.33629768030598
-56.56197274288837
-225.8246174189182
-98.69808975790451
177.70927096172724
-44.590121497318485
124.74102771639645
-52.10248360804942
-118.21453291329084
-2.3203369555892066
108.75161918534025
875.9931837436485
-116.48220859870176
-32.80090828467
-24.855101105934395
34.265445040367304
666.99188494644
-20.80799548149579
671.0223969697828
-35.945096741122285
6879.852775788866
-77.71591267257418
-125.8565915383623
634.8907396247887
-26.515618794200794
-27.87436416832592
-12.137806051172506
-158.97228828912034
64.61789650044153
-70.65451080045413
75.2665403367369
-87.37934407934272
24.276527405818072
607.3932464724361
-74.85113761724995
7466.0100439046855
-122.51694879083882
-142.86588641500214
-6.474244339796521
158.82700944036583
-61.27347429300784
775.9276781842648
78.62097301243097
-54.43409303341114
-58.82627728422903
-120.07300954936393
303.75897232456464
285.5942614914532
-52.47391899043943
-112.76505166599203
-57.96656184886131
-47.67747969297037
-106.3591993059951
-16.57266306746446
170.36773560371685
-82.60238605847046
-97.49975081244281
-97.45504795424918
492.1304616447008
-14.017734246658557
289.68490210643995
5708.701264948126
-77.43729132825646
-93.74614120120887
-110.4304073638107
-20.350384418785268
-72.55265649101541
-120.21348345027266
-34.35303620176488
65.5417751988055
12922.00747984514
-59.61293535601302
-84.38337550149208
380.13832604558553
180.0039606053263
-102.12073824822467
40.67979155768465
169.4473420370161
-102.34465903647562
7322.495640546763
-186.27845513703278
-60.08397528453159
-167.28385850964708
-63.96856102461285
-33.00691207397565
819.2335724206507
-60.9109478608254
6606.7465927032545
203.2672159718904
-19.598403038676096
373.74752926199716
94.10731017453084
795.81047743567
-167.36534899558794
452.58356323083075
128.00153570912192
-29.306216217728537
383.37657468317497
6811.995100721494
390.76673785314443
50.6618712254392
22.6463801823825
-82.88910952964083
-17.020201968365647
-143.59375100020418
6931.319493176915
-43.56741071062952
72.3649847844184
151.9958262562009
-37.82658655501093
-166.96905439244264
41.55337956950922
-48.93956615394136
-45.450133605459605
-142.75784816505967
1086.7178227388176
-26.000067216015474
19.64127782752556
103.25410042933642
-65.10404224502767
85.82965220177759
108.582998405052
-146.77998886406598
-85.56454728498974
80.40977877717292
-136.05780071748688
-94.61326444704598
-107.92599951918328
-73.32340901728777
-122.0768337345734
-146.1176224606113
-66.4182254661515
-46.169412461887866
-76.7063691294995
-104.84136826377912
-32.12472872543414
2830.951739887374
0.7790097747702678
-35.07065535953758
-67.38489721862398
129.63111899093178
-49.80598266433122
130.98575685914153
-116.1094824409087
-90.0530446946575
-108.34048030498562
36.79040050704579
-58.7851978379132
86.59529480595013
-84.42545476297502
-36.73601239333543
36.313731759866954
-99.21857797619715
-80.27372126229534
2.5882902080708385
-0.08134693941405903
607.3772791423653
-95.8569239404871
-60.79948414274308
61.17627157375425
186.67019345874098
-170.6751899659162
-57.25284114193839
-153.99381735809823
126.43311899493396
423.7759926272729
-116.9317584278451
18.782827799695664
-116.31655497999466
-182.39196932555603
-77.63771005886929
-142.59222773392983
-90.40391467460391
1089.486390267886
-71.6246586437448
-99.10984800983502
147.518212562796
4.538038623316713
291.3267226108255
6416.999653869459
-56.578890620570064
197.25538343125422
-60.57345045531804
603.578914586892
-71.42251941983143
-135.92991569505512
362.4087115361179
47.4668462456201
-130.35574862288613
-122.70633818014436
-149.94896351890515
66.71257862081501
-138.2652876829392
148.76781556690867
381.8433967350918
-113.0291160106801
-15.129599319366664
394.10195190686403
81.91562471816175
-71.32901375508312
-126.92952857524327
458.6848781256649
525.9407794429936
-77.04792746041089
-52.07011357432435
-22.720734263515162
-38.23913867486985
1535.410745944685
-18.702990542830108
-119.30687140722036
-48.68449817765153
22.059008397668965
-63.33343639317994
628.1492390545527
-63.308621898691065
25.022384259137286
-109.84720104936194
110.91093110586196
-64.90661756539798
-57.59714132323735
-60.19471061224248
-109.78690785918778
126.00742571697894
265.2149253762328
499.3245834029685
-43.44881028290015
-58.500221890976796
-149.00404966679153
-111.34788629382382
-50.17732472024201
532.6702831451045
6598.1259488508185
599.0116880618662
134.36154535032588
634.7983291677002
1113.7441043625593
-79.07228732647218
5.67843948991675
-113.15441736171977
-38.06539115573902
573.9795565241889
-167.9872993924325
-17.029172678615932
-92.37353171143607
34.53931086198086
-101.6049769113155
12.823393928997746
108.56837657029193
-113.05064930311153
469.39491662376264
-78.1579638650688
-135.76692188722055
-14.30133566726446
172.65035865273566
-90.38934704375941
44.45216443949269
-41.172536187693794
184.64859849583314
-89.29815924349886
-171.81797036434722
Infinity
152.78819676121572
-96.56872614519142
629.8437910926178
307.9159188877575
127.54513494649628
258.40104861297584
6361.506398369718
6991.6797469966605
-95.38383425446864
26.288705728975202
-34.427820880060914
-2.5638337016457466
206.43344066500575
1003.5888017970352
-121.78867952000695
-37.80679895612216
227.38449261271333
-132.87917269571957
119.42482395077755
-11.060415566238142
-85.21249440507216
1611.2982545769792
-124.7623766569871
1793.127892129467
-67.51889458690559
658.445010959031
-40.05038284599371
526.5969339650424
-2.890610208545773
429.90678397679875
-144.90578829894918
6459.255836908771
-101.78057559707455
-45.40786900244127
287.5030133544141
220.80449801430828
-84.32311473874742
-101.75292503630324
-69.49198942987272
-59.87199976095693
6534.155984354809
144.3990115052515
205.9648324452442
138.89480644920715
-0.07547945873050299
346.04129928499367
-130.42730185376752
110.53514467504274
80.52768615482405
-80.28944302478105
-56.21240071115242
6891.065036533889
-166.29592364729362
25.670901641145043
-177.7987216597309
1549.5559005098971
6484.033853337899
47.0681413331482
-49.77123851449073
-100.49977945411347
-50.630259157626774
219.59704085849114
62.45693189567298
106.85854849110586
20.48835301606146
-131.15028027699836
-9.896103537436336
574.9265758348413
1449.7440155169797
-161.83195323709018
-76.97345802040216
-76.57938982531721
-117.19771636423751
357.71466479272755
-154.08582354715017
-151.63568028273946
-62.19872568589788
-130.45403980711114
-74.90377943087618
284.6716706084784
388.1542937925055
-92.88136144962189
-62.990546489200355
32.04570561162831
-34.853600038323584
32.37778824459306
528.2178244468148
935.4263991741174
-97.62578006861408
-58.385035906144466
1429.665876446043
708.9185171688399
-99.03159682223453
322.8988064059721
-73.52681052705236
478.66440222428923
204.87580585217432
Infinity
-20.0823096922715
165.4561458646348
-102.55638575069952
-29.120988138577193
270.7336565708004
1141.7379892919228
-81.3468964074786
114.64113620527318
1012.4160899801026
-55.58227736474504
-103.57103340110477
133.21103696937206
156.8844225307265
19.144713059412098
-158.20358852737357
98.26151084645285
-33.88778096288528
431.3814079839828
52622.02554160829
-43.67824348990412
-15.57789081982131
-158.89420685083198
-8.438424735805361
-115.53559411183551
-67.80396916280367
56.76615536466809
-27.651750335018754
154.27548644090007
-6.064686949849771
1295.8476522267094
-24.21074353758381
73.89025557248625
-82.65154601022735
869.4571127963603
-194.27868613847832
-111.35065408797067
339.3265220315567
178.1883449390808
44.62761470599944
-202.82033140466513
-134.91739168956613
-55.0419367614161
-74.97971409673907
-83.76868394760734
10.444354178521692
1031.2715278342507
-112.10523999964164
-157.35567492560767
-55.22894925278478
-56.83996907722553
202.08010301478365
-12.722838271045728
255.8700947677962
-145.43855340123153
-76.85920749893077
-109.83407541925095
-115.0295507548109
60.38406836555625
-71.98458077305325
-81.70924108245201
6686.034174290285
-74.12220946117424
-171.9424947362765
-55.191275229978956
-125.05357699220266
-38.65579001895254
-190.689550873484
-24.327683541103475
178.48585063050712
115.17219685871689
81.87050469140162
-98.0592863849407
213.02726888922268
-142.937604958963
-115.33689194555447
-110.2586059754815
-92.2211534303465
-145.00936612626333
-104.46947452371039
-1.394810027991221
90.58813749029002
393.466583464135
-63.665196305797885
81.11110051570049
4.618379784274552
7.995597074362626
74.79595343359048
-64.76510360054232
338.9095604884889
141.2782269567663
-107.71403102219064
889.0919105600935
-4.646898660690631
9.350866443189197
-113.69933029475119
-132.266501894196
795.3649928744526
-114.7970469815907
-21.834780647383507
423.94446062388
23.821335543193573
218.59472380161347
-101.32604868731539
19.73387723215956
1103.4071649624523
-56.61194232866005
-215.10462506658263
-65.49763834422038
-139.22898541433358
6873.183085397204
7347.48269409956
-95.39304607149079
173.24273243901786
65.6741194239782
168.13432705295807
-64.51790968962526
-116.72978340764611
881.5382316632475
81.03203479220277
-104.82739081223953
49.53038961163397
-42.72110107352444
-91.56621067077396
Infinity
4127.228825334331
-102.38754904768783
-117.6882669813441
-77.9039520947588
-84.19118343724661
-142.907856538732
325.4825323769677
28.4345345154064
-3.490557438114781
548.5642153740956
-109.34847125911558
-120.16874690424291
-141.21852273486564
-81.23362709163338
-175.056032024766
-104.88923294003044
-133.3119157960002
-36.08987220048323
-145.73871017353707
143.71128874497646
252.27989586393167
-90.90955848409334
-188.98995703301665
319.4650249121169
6684.130708892446
-87.27527686961989
36.433686141010874
-38.689649617431826
-5.644314865821456
-123.87812093425518
878.8433665866386
931.563412335605
-86.78951922140166
-110.51164565313148
-62.83897535724222
27.103492675399426
-134.9050948410149
-17.15483219624935
363.6261269104892
-36.85126098211366
-58.676905906448546
-147.67241791308655
-88.29300426544944
-49.308517195575554
-34.54666927275589
-61.74346765939704
-30.49822087557937
-35.72022973321495
-81.18610052789965
25.916985995437187
-8.924942494765961
-71.34563969798023
155.29593126022567
-116.16076346219484
-46.471921677917514
23.308819558482888
-122.10446921727323
-66.38485004414771
-103.6298046902063
1173.702608777377
-130.1930976201641
-20.053785047460277
865.7002482263408
236.72287654151367
129.3671596011506
-112.32030234611736
1458.4854511877363
-44.10279664844477
-209.42812642669972
-10.447792757095101
-102.6318328452246
-116.75486511753999
-112.37837985165864
-102.2437143184792
23.008706243512677
122.80856018215259
491.2083795003239
132.05181925079907
-62.227657647728144
147.19141968924023
56.29861604809922
-198.1607965816107
1562.9652101590818
-79.33788955410603
-5.772604414600667
-69.4828365916912
-55.88515456761191
3766.7162194580005
-47.300545190882985
35.70042041879313
-84.44661149454639
-103.71204812397332
-128.1155266285787
-78.74163899578072
141.89827241885155
-65.8879274982301
-68.35970288082669
6546.538000930762
66.93759488328483
-134.11003561796366
-15.367591161971978
90.98987764019277
50.89703251283765
-64.63580342243355
246.80897024313137
-101.801065109042
10.037629354492935
63.81756542352019
26.371617138299207
72.52336051802259
-59.29217757490489
912.9933574286531
52.38084468849063
1146.9241340021897
130.63424467617259
-60.84892116750334
69.48484448540066
-65.72615446812247
-126.54924841824669
2243.8387370389364
-110.05717745822642
220.40402677954648
-86.17602471597692
-111.69250486079399
-138.74362997362928
-87.23918637891606
-82.13392110677907
-5.839419433898019
53.98705456985064
12.983904283858895
44.83129259471761
-154.334069348085
-51.55099072347071
288.99135016060063
-33.20088509306537
-25.300770657088925
131.09437651567455
-31.739244563024656
-105.52073306156251
-87.67302749661808
-24.991817977559993
267.9280194402489
-132.73645375445153
-169.86181446357364
-68.98098374361287
-8.134896749629515
-139.29492431483058
63.8957326339548
810.1721655500356
-135.7256719981393
-78.35610994046861
2416.1359535081933
-130.981391874247
6972.292395544251
-148.3081653264082
434.72460927030176
-87.51861815439085
-13.760780315819337
-85.57496251936405
1353.3253552798583
6849.296023288078
26.113969254539157
-0.06048605744989599
-49.267978499472214
-101.57292617462514
1199.2256151506126
-1.2190608181373541
5.290902685584763
118.3609216406752
6374.151620775918
5.896469472668681
-27.659409886929016
-106.00287168465826
31.036664020176936
-138.81389759132082
-37.31330617906451
-122.63435169720817
-120.97958078033504
-184.98868560851528
708.3751971775873
-112.33205076928444
537.2449167219178
-38.5861339448439
150.45376835652658
-225.8399155211502
-46.21401397949939
-89.37388042773448
3227.1438255116996
-86.84549395100943
-77.74449488454606
-17.861647484238443
-84.81327086565221
-68.9033056584324
-77.49326672086914
612.8179556554177
1075.0467621751984
1225.6030941681304
255.96478730246997
86.34158227296105
87.63856759670922
-90.40600743585128
-128.6360634722704
391.61863465299
5085.375254548142
-68.28967864753848
-96.40864491782665
1129.7688031959642
319.2033852252689
758.3593414034862
29.382654131148467
-105.66986788784276
370.66528852452205
-44.49775606254615
6454.423057065225
-12.758252745239563
-63.792739139492504
-215.3898510686354
-121.27286367609581
567.5258828322452
-154.01807650582109
-85.35486448217621
260.3587179784867
-117.24493107842052
-98.8122789707362
-25.61900568460193
106.46380182192053
-131.26561748601165
-74.75934921561691
82.6003831752138
Infinity
-149.14343139686406
-96.3432670944299
-132.27479058822766
-37.027348654218684
-107.0845197309151
-148.24321986078402
47.7467373569502
46.78653272068513
-9.015325580550348
-40.26763796166085
-151.67819432569547
92.6132698810709
-84.55101384400832
-33.606177968864266
445.22941202294146
-89.72988491152225
951.9480611519324
17.468004978369066
132.80517807038774
-181.42492425905428
22.058651859341158
1.3411789149022084
1501.3709550449794
-9.434395955687167
-111.93500270362566
-55.57987912542143
-129.38125091556597
-81.113469635516
-48.181214184444784
-46.6419833858491
-53.03871470448564
-113.84579709346734
-85.88870553062966
995.8756736609632
-67.02533720123753
-159.98072174142146
-86.22727100377607
432.4600116991131
613.386434283096
229.20855129882221
-132.73483245219552
-113.36616118430217
-147.00935244706514
-89.67322541904996
57.73564023976483
-112.27891810954567
134.4396449588363
Infinity
-47.85907192108532
-139.2940445340403
-125.29044471890428
261.71171680656437
-89.59345091115006
-171.51152018180343
141.15709222948536
-103.0470975486354
Infinity
120.91556121142753
396.4918739672941
-120.9621462192136
6806.238059957268
71.45069279551825
137.17454445960357
107.47415873695088
-94.72669315180691
64.7996055114529
-167.30879821596287
61.44313265383001
-5.429672429220936
-73.54773041723494
-18.382999982668547
-131.17258917284886
2157.5624516602284
-22.289652057722055
-23.920831767345913
6734.460751566691
-119.96608757396196
-97.66410531274447
-85.35462192300996
-54.31322288894871
-19.15345629799207
230.10445999069634
-39.77902652078032
6394.251103774124
30.879204164581566
289.77806762637294
69.82462430697379
-104.58315531103636
37.688777210415125
1071.8548254092802
-32.87131732989067
49.12446929614562
-90.54974871212141
6525.078698860937
-25.450292606908228
190.00407678743682
1239.719167060568
-140.9192134421174
484.02403379140384
17.13227385993086
486.64754097188336
-75.49815116086296
-117.62648844826329
3456.503992986421
-32.36989931341137
-33.22709846535706
142.0913239295714
-187.54486459162194
-3.9152321252889655
111.45719358194282
-62.62247855583579
-78.05180071720102
-70.79574431331811
-80.54152096386034
200.60630217222774
148.81575142667978
177.30966318972628
-112.16015031955052
-43.3446963884817
-135.94653727162634
405.3140792113559
-65.2742066986241
1534.2837351035864
-41.49053668057467
-117.71251078427773
-32.04890604187791
-45.42224904164606
-68.6751698894327
-126.64237018826105
74.24437542587422
-85.87087380816277
128.69610887762238
2543.4057830473485
6583.529292374767
-114.32084039287193
1832.8114571246551
-69.89251209529905
-177.75536148934268
-204.18708545327112
-36.42787169663225
1849.703672976283
-85.81757975358336
782.8205862509543
-146.84703272564897
Infinity
259.1102595878309
900.3708172886096
-84.8421981207224
-5.284409346946027
-72.1602564550358
-67.07673073580025
-18.96748996864967
-113.2157534977984
-99.57302574578355
75.97347187913395
10.41202124249083
-75.5130452970579
-120.06346426193086
-5.616081746335508
-162.98124970796735
6970.211961895468
-90.84712546688078
-28.0322864937044
969.5005107399919
45.734449635202786
-50.37573647250192
-21.8397050086568
-51.910357730230835
6838.09417895784
-125.8731095010465
-111.65035670373784
121.08786923998244
188.95085043432178
-185.3755026116572
-98.5092947574579
-87.85044550459834
74.98294765576405
-46.293605020929846
-78.37412030638835
