-60.097399941153114
104.60506124566216
-45.77675667411322
-20.69039893924966
197.26790861801135
576.0829077366938
-68.96226883643617
10411.46538166368
136.1685947136414
-0.7953735158834245
-36.72186401146368
522.1325437032866
-67.72097914418772
-100.52857498791909
-55.18379002769095
-130.79413172311266
-171.48705941178426
-138.3945458696362
60.85838763036898
-95.65897742437178
-53.99389000294371
-60.68639809137546
-105.99280116975505
-53.88693714890387
172.91615399568948
-94.20495333277279
-99.49203431110236
-107.94814301875938
-81.66435589952242
-147.51292260797865
-123.2610921597124
-61.51562640717539
-79.86200344512298
12.409066819850704
-32.25832167684871
-78.6509758475504
-66.12007218051562
-144.03902115883827
9105.563899837627
-68.99786862359304
-104.917588789363
-76.74256961198017
-109.79259806064779
-145.11318423152713
29.525411236631175
-137.2716877049622
-133.1889932811652
Infinity
-19.070650897790564
66.52713953047251
-94.11426843794548
-127.89380245258374
-43.178567361103454
-134.85586419370202
-2.8029746610273616
-94.53726861479498
-131.6008183362319
-81.32054362054863
-67.31248897194325
-77.44128662558064
-120.4569702411112
375.64649120421575
-69.0323032327329
-114.24924838228853
-97.25288513501197
-93.76751324471189
-73.77698002374956
-56.35543451189522
-103.74444120468021
77.94575806456768
101.76335974178895
-101.23472612338306
-85.01287077242861
-68.71734801437954
-67.97112902592589
-42.86614141114501
-54.42298723758175
-64.85593286096491
-100.46900054936897
-112.6381688011274
-91.56871613861279
19.756462274741978
-94.11693267183284
-123.96549196098341
-68.29808060997286
-75.16982182944034
-193.45480322158028
-73.87916166835267
-77.87163780899105
-64.88892863076398
-116.45108357835001
-112.28200878599114
-41.33595830230377
-111.67591338065525
7.337585800749467
-39.419723300167924
-48.27889049983087
-59.91358115041376
-131.3764428920079
-63.12420708373813
-96.45360029020594
-53.36722049921498
-66.27699435523992
-69.35572539584115
-102.65226453870976
-117.65199701264459
210.8105600476057
-50.71886708468084
-142.63853647803208
247.51677924183952
-129.84558829691758
175.43233315242085
-27.569252290836353
8.11231379569468
-134.0571906940976
-114.03592692433487
-152.82934824583816
-114.99575077219802
-121.15323416608172
146.41975236469793
-19.785877334844223
-101.50626094514834
-151.62191256216568
-53.73518181702532
245.82868528428452
710.5755581607596
-94.43338393606354
-44.551701559340025
-76.194431340763
-81.04748838965627
-80.47169291282437
-86.71982784630754
-143.79376569238232
-106.89957142619734
-88.78474811848767
2332.954035465928
-34.6492904247988
-79.48156755900823
-51.22471781927553
670.2877338212456
-51.07723812568263
-177.1536607699191
38.855045657604016
-117.88195351626221
-90.39456670087387
-119.7774045146945
-7.862448189516977
-71.8167844228464
-128.72943617407537
-28.256571457461444
-64.6756286539714
-16.978320821618702
-105.50245496866177
-48.68316097791304
-106.16692057179351
-96.80956423078622
-2.1384469117650684
-35.899854998664274
364.0261595964242
-126.42679561560698
-33.85819886005836
102.42653141344206
-89.56295846366785
-81.28275566005225
Infinity
-142.71507479989617
-73.76163692250802
-43.47939799536279
13.043947711006993
-93.48756179389854
-100.43069712537593
-32.3456957570201
-86.19711890219111
-62.389110348451595
-120.6471498650807
-75.68163478288409
90.06979100514003
-114.39920297403901
-228.13119353324063
-108.20721686942149
-53.439834517088016
-67.66953601300102
95.11308247143808
-100.52949346801255
-101.15974381531571
-36.79880295055075
-102.74322369115482
-42.89433206035888
-82.33618869213468
-53.973486252796036
-11.123900775475384
-67.742675981825
102.53846737248917
-33.40689485577895
-154.73485756606985
3.807271504041319
9.21579440977041
-6.457896705535919
-136.3174129182546
-73.14077574019304
-85.41765414282611
-142.167833439569
-106.42742189675606
-92.43833187718879
-89.18529127459153
-195.81559780621603
300.59617397121036
111.49309279387866
-18.501028949763477
-208.095442869474
313.1905590283286
-108.86931099916097
-37.291457168646396
-165.89270306405905
17.25394533526546
23.57222229085776
-133.18095911483928
-57.366642579403084
-114.3537762409786
-163.42774026475578
-51.57562216419147
32.47773213040874
-89.04345617036392
339.2891434652952
-118.04902091221271
-102.45933087523986
-98.54470787665261
-132.64953871753607
-70.35055257573048
-60.8404343837699
-11.179156951824234
56.394064391886005
-44.89276687545104
-116.96922988340201
-85.38330567293646
-51.883890647201795
21.385208563724515
3.2141777371100697
-95.3961746664481
-67.4542904585291
283.9804020048259
-131.15598254135136
-105.1963391261342
-138.35842107949932
-71.52853014296576
-45.986165606778265
-63.48266906963576
2303.973437634212
-58.46118909907449
-143.03419440522995
1525.337868334822
-71.85914301827965
-109.02491071226032
-82.93299312993989
9197.304930760405
-85.61770539328657
-43.39301588854794
-63.80322300196354
-29.862755036577163
-92.6442387531101
-102.15865887952752
-85.28370122752824
-93.3285924877534
-82.43776691752544
-74.15981754301102
30.57055892480491
-64.75000288942994
-117.46279052456029
-124.85616828379673
466.39707504201846
202.18278740350317
-77.6785275469201
-78.57364666661402
570.9362407836442
-125.77949624504654
-93.214567126292
-13.211523313384376
-74.6710177586007
-96.18612236845406
3.048180315393921
142.50239074080022
-74.44996179212455
1013.3771807550527
-55.48401868693996
25.680879604381754
96.65423421779671
-93.62556559594039
-103.89122182208402
60.13061829474683
-9.468626510245667
-78.79226019856759
-158.9833161367476
-128.3909901215909
-94.79712367421503
257.44072924517064
-136.45767949084262
87.59798525912889
-90.74250709414085
489.71403155904346
-150.86510052644235
-143.329193522326
21.11785358846287
-76.71684115734682
-115.88658720949344
-117.1451464965655
-129.5800872346046
74.10416464236181
-77.48622158150053
-122.62772152030131
1318.8912094678503
-101.18517072971856
124.30480115940209
372.5404903867417
-78.35642293687448
153.09174616455795
-205.027243727802
-111.25033809466333
-18.24963649990381
-74.91596363060141
-101.26914573364706
-133.9666723215155
26.15226274269719
-138.00697567261054
-69.94905221287378
-49.04203994974649
-60.448182481335365
-2.939440199223818
-97.421596898478
-104.24198360636436
538.7048156118476
152.11422157646794
-100.2899818485721
296.52612922258515
-145.6488600155718
-99.80387583941437
-87.01810138904214
-98.24613372744908
-51.63170473778352
-123.51769603093929
-122.14176931185041
54.75388296871594
-62.643234133785256
-53.5479115019046
-90.3047752307207
-0.8079879471786044
-38.86322935663968
-28.613971873149058
-96.73026968362865
84.16132736110839
-60.02130028276936
-46.135428357145926
1776.7136951350851
-123.24924848284437
-99.87321289112643
-56.282218929239136
-153.96674888001547
-70.94829227361836
-62.871220874337894
-37.584027167426314
-124.28066080239175
-118.41181088303217
-13.79394456261364
-74.4701032621327
1857.75901272351
23.64435674263367
-77.9354173675867
-123.10266741626192
-81.86787832835492
-154.3223316420631
-22.42542302614752
10.89269782492552
-100.48496984318126
-86.0479086550169
-148.4081565122587
-70.53597545867821
143.69596745658637
-86.71995698605623
-42.33234091519224
925.2050044034044
-173.6139130929831
76.35056585535966
-162.40714404566842
-23.99008992638198
-69.8152655690299
-133.61536794654725
-90.17605664791175
62.41848106573813
-114.23368392284686
578.7833379482707
-131.1770595129774
31.25689658044094
-76.05879419564855
-90.91437825759212
-78.6962046590769
-61.1731571715719
-53.06439667539039
-60.613417176332696
-53.673190211323174
-31.2867127546126
-71.23373098408896
-71.49408986500617
-79.22189071479907
-72.86995864179741
24.346513591306103
-84.3957420384881
885.0931916726846
-116.92327987228812
-118.27441951703125
-100.61744204294253
-65.21233421630365
99.16118782383533
-92.28869350722712
-106.27880106509014
231.77905134510058
-38.047630166288414
-111.26148304043625
-103.88950515033673
-96.70449983812141
-20.48763720570745
-22.22498003827675
4.797399658370652
-112.71429417797832
-129.84507768534147
-109.80257469870455
-76.14221546404977
-102.41452473015067
-175.14670563677097
-105.86952524463256
-63.00625138091123
-130.46484989142218
82.5598109990434
1384.7315444324272
-125.83449433714374
-77.4665742520161
-19.145582081753645
-73.51413308979981
-85.53346535831594
-51.7463968423284
-78.29314869912213
-112.53719863401265
-57.86172109534144
-87.46877797061175
244.11543451500532
-85.5320368650104
-52.54670661890009
-200.58931166120485
69.3749840589443
388.5338860317375
-84.56511076401642
-93.42325784095912
-95.5122551369229
-67.9687456922951
-116.93538295240104
-56.00898104438528
42.89141887548732
-55.02202763778452
-39.02490554433844
164.30986297657648
20.09824381496001
-68.55555986048489
-2.2208086605375974
-48.25128032286652
-56.59171495682191
36.895574008389
58.82293363217127
-82.86004237490349
21.100261504068897
-67.45946404654549
-194.0965614943927
-84.11359614095866
-54.93383967939606
-81.06150713784922
97.21346094678881
-87.49503736862395
-75.64238434072195
-90.51747353414879
-53.93769557628586
-4.251054648107882
-129.06763371448955
-14.771883693576095
-81.0976591234643
27.397185856208875
-124.82844166777947
-31.937365872220433
-155.35260601457054
-43.458159741744744
-128.2951139111088
-153.27420615217335
-26.14315851453267
-34.17079629587279
-150.2154492505516
-17.742088849422633
-49.55100413888488
-25.951221203556923
-62.43918481785469
-35.562188330090045
-53.16923892010939
-143.16214419709743
-10.164850313469989
-34.01117011486285
13.169734846659368
-38.71065592441486
-58.75519431760801
-65.67428243839653
-101.99892035283837
-30.462803988172013
-57.72049803614857
-100.9082337222407
-82.29010056978319
8.35917591240394
10.30592819353290
