NaN 30.323
-61.033090424106575 30.323
-61.033090424106575 30.323
-61.033090424106575 30.323
-53.150616226614794 30.323
-43.20852577182114 30.323
-39.30896851884429 30.323
-35.26842452722828 30.323
-35.26842452722828 30.323
-33.66710483563912 30.323
-31.270169785593122 30.323
-31.270169785593122 30.323
-30.098538716715602 30.323
-30.098538716715602 30.323
-27.708410227496294 30.323
-25.945444644249996 30.323
-24.3262155374462 30.323
-24.3262155374462 30.323
-23.833649611889705 30.323
-23.51299530891437 30.323
-23.51299530891437 30.323
-23.51299530891437 30.323
-23.51299530891437 30.323
-23.4291564067729 30.323
-22.416472905846366 30.323
-22.399368705629712 30.323
-22.399368705629712 30.323
-22.399368705629712 30.323
-22.399368705629712 30.323
-21.893303829328136 30.323
-21.313029309777487 30.323
-21.313029309777487 30.323
-21.313029309777487 30.323
-21.313029309777487 30.323
-21.245797972418817 30.323
-21.245797972418817 30.323
-21.245797972418817 30.323
-21.245797972418817 30.323
-20.043499353590228 30.323
-19.976892769072826 30.323
-18.647782027946327 30.323
-18.647782027946327 30.323
-18.302871212765723 30.323
-18.236679921949545 30.323
-18.236679921949545 30.323
-18.04523396172004 30.323
-18.04523396172004 30.323
-17.623036482668148 30.323
-17.623036482668148 30.323
-17.623036482668148 30.323
-17.623036482668148 30.323
-17.58806158058728 30.323
-17.58806158058728 30.323
-17.58806158058728 30.323
-17.58806158058728 30.323
-15.846246220183664 30.323
-15.846246220183664 30.323
-15.611557169735539 30.323
-13.390643467812797 30.323
-12.899739455385326 30.323
-12.899739455385326 30.323
-12.899739455385326 30.323
-12.899739455385326 30.323
-12.827802522941315 30.323
-12.510906561347245 30.323
-12.084281661422457 30.323
-10.830323323867269 30.323
-10.330724261374323 30.323
-10.330724261374323 30.323
-10.330724261374323 30.323
-10.065131452194064 30.323
-10.065131452194064 30.323
-9.956962156635456 30.323
-9.956962156635456 30.323
-9.79313446289028 30.323
-9.79313446289028 30.323
-9.79313446289028 30.323
-9.65058922162375 30.323
-9.649952398765155 30.323
-9.649952398765155 30.323
-9.539970266439646 30.323
-9.539970266439646 30.323
-9.539970266439646 30.323
-9.539970266439646 30.323
-9.371660072608176 30.323
-9.357973361341744 30.323
-9.357973361341744 30.323
-8.541473654938946 30.323
-8.541473654938946 30.323
-8.525896904212551 30.323
-8.525896904212551 30.323
-8.315365517227214 30.323
-8.315365517227214 30.323
-8.086303811954625 30.323
-8.086303811954625 30.323
-7.674104434152932 30.323
-7.674104434152932 30.323
-7.559155671752844 30.323
-7.559155671752844 30.323
-7.559155671752844 30.323
-7.559155671752844 30.323
-7.559155671752844 30.323
-7.394490916783217 30.323
-7.394490916783217 30.323
-7.394490916783217 30.323
-7.394490916783217 30.323
-7.017486751399189 30.323
-7.017486751399189 30.323
-6.996829048636916 30.323
-6.996829048636916 30.323
-6.926581503033901 30.323
-6.926581503033901 30.323
-6.708995082874454 30.323
-6.708995082874454 30.323
-6.584536981669551 30.323
-6.470211523806084 30.323
-6.470211523806084 30.323
-6.470211523806084 30.323
-6.470211523806084 30.323
-6.289414925412959 30.323
-6.271281229176067 30.323
-6.21118702148725 30.323
-5.951869678876219 30.323
-5.88091827293151 30.323
-5.456648556160778 30.323
-5.390016217555308 30.323
-5.390016217555308 30.323
-5.367795292854052 30.323
-5.270962051098083 30.323
-5.270962051098083 30.323
-5.270962051098083 30.323
-5.238809990683494 30.323
-5.015995867894612 30.323
-4.65346187380018 30.323
-4.65346187380018 30.323
-4.65346187380018 30.323
-4.547011183195063 30.323
-4.547011183195063 30.323
-4.547011183195063 30.323
-4.547011183195063 30.323
-4.5446339418095825 30.323
-4.415439622040267 30.323
-4.415439622040267 30.323
-4.415439622040267 30.323
-4.415439622040267 30.323
-4.403042041934574 30.323
-4.2571864485773805 30.323
-4.2571864485773805 30.323
-4.240477612920076 30.323
-4.226773122755411 30.323
-4.226773122755411 30.323
-4.226773122755411 30.323
-4.226773122755411 30.323
-4.120427473777884 30.323
-4.120427473777884 30.323
-4.120427473777884 30.323
-4.1127637252191676 30.323
-4.0972627282179 30.323
-5.836740629979138 30.323
-4.0972627282179 30.323
-4.0972627282179 30.323
-4.0972627282179 30.323
-4.046313639104286 30.323
-4.044399777543451 30.323
-4.0229269486446455 30.323
-4.0229269486446455 30.323
-3.933850594652979 30.323
-3.933850594652979 30.323
-3.933850594652979 30.323
-3.933850594652979 30.323
-4.463936472715044 30.323
-3.933850594652979 30.323
-3.933850594652979 30.323
-3.784118968211584 30.323
-3.784118968211584 30.323
-3.784118968211584 30.323
-3.784118968211584 30.323
-3.6990265370979962 30.323
-3.528760939034316 30.323
-3.488652456845318 30.323
-3.435500646400474 30.323
-3.435500646400474 30.323
-3.435500646400474 30.323
-4.044399777543451 30.323
-3.428946929877813 30.323
-3.394372794780127 30.323
-3.3644143333124594 30.323
-3.3327460894920495 30.323
-3.2687590079917372 30.323
-3.1353367194069115 30.323
-2.9981673247049994 30.323
-2.9981673247049994 30.323
-2.9981673247049994 30.323
-2.935410090176549 30.323
-2.935410090176549 30.323
-2.9001585802500385 30.323
-2.9001585802500385 30.323
-2.9001585802500385 30.323
-2.9001585802500385 30.323
-2.890065642342024 30.323
-2.890065642342024 30.323
-2.890065642342024 30.323
-2.8547241362722198 30.323
-2.8547241362722198 30.323
-4.226773122755411 30.323
-2.8547241362722198 30.323
-2.849345091249349 30.323
-2.849345091249349 30.323
-2.849345091249349 30.323
-2.849345091249349 30.323
-4.463936472715044 30.323
-2.849345091249349 30.323
-2.849345091249349 30.323
-2.849345091249349 30.323
-2.7771775887797836 30.323
-2.7771775887797836 30.323
-2.763309005288904 30.323
-2.7411992906908758 30.323
-2.666918755376418 30.323
-2.6470728109825674 30.323
-2.5895167587247947 30.323
-2.5895167587247947 30.323
-2.5895167587247947 30.323
-2.540481371534004 30.323
-2.540481371534004 30.323
-2.4733507217329977 30.323
-2.4733507217329977 30.323
-2.4541027853102158 30.323
-2.4541027853102158 30.323
-2.44536486016787 30.323
-2.44536486016787 30.323
-2.44536486016787 30.323
-2.417433208085944 30.323
-2.417433208085944 30.323
-2.4152565929581127 30.323
-2.4152565929581127 30.323
-2.414462235745779 30.323
-2.414462235745779 30.323
-2.414462235745779 30.323
-2.414462235745779 30.323
-2.3892214186701493 30.323
-2.3892214186701493 30.323
-2.2536418914062177 30.323
-2.2536418914062177 30.323
-2.2536418914062177 30.323
-2.1536449358451755 30.323
-2.1536449358451755 30.323
-2.1536449358451755 30.323
-2.1536449358451755 30.323
-2.1536449358451755 30.323
-2.1536449358451755 30.323
-2.1451709658867273 30.323
-2.1319065628711473 30.323
-2.1319065628711473 30.323
-2.0759505526438677 30.323
-1.9810797666025706 30.323
-1.9767283479262403 30.323
-1.9767283479262403 30.323
-1.9541657981070253 30.323
-1.9541657981070253 30.323
-1.9541657981070253 30.323
-1.9541657981070253 30.323
-1.8894247230624452 30.323
-1.8894247230624452 30.323
-1.8894247230624452 30.323
-1.8894247230624452 30.323
-1.8711217344403828 30.323
-1.8711217344403828 30.323
-1.848113038422425 30.323
-1.7544154624454333 30.323
-1.7544154624454333 30.323
-1.7544154624454333 30.323
-1.7155770822606864 30.323
-1.7155770822606864 30.323
-1.6871182152414392 30.323
-1.5512049941771768 30.323
-1.5334219519262287 30.323
-1.4850968547759706 30.323
-1.4775291986693782 30.323
-1.4775291986693782 30.323
-1.4727460884429375 30.323
-1.4727460884429375 30.323
-1.4727460884429375 30.323
-1.4727460884429375 30.323
-1.4727460884429375 30.323
-1.4483101358518917 30.323
-1.4483101358518917 30.323
-1.4149752334049583 30.323
-1.4149752334049583 30.323
-1.4149752334049583 30.323
-1.3938919048577736 30.323
-1.3938919048577736 30.323
-1.323763855151876 30.323
-1.2875748674387903 30.323
-1.2875748674387903 30.323
-1.2671616614678238 30.323
-1.2671616614678238 30.323
-1.2671616614678238 30.323
-1.1875491541943022 30.323
-1.1491885955769114 30.323
-1.0809714180162138 30.323
-1.0809714180162138 30.323
-1.0784101321592747 30.323
-1.0526366002733618 30.323
-1.0526366002733618 30.323
-1.0244805829981949 30.323
-0.9712049186036205 30.323
-0.9712049186036205 30.323
-0.9711529404604009 30.323
-0.9711529404604009 30.323
-0.9599935182943412 30.323
-0.9599935182943412 30.323
-0.9524853232434198 30.323
-0.9417845223026212 30.323
-0.937639336494918 30.323
-0.937639336494918 30.323
-0.8652948300061631 30.323
-0.8652948300061631 30.323
-0.8647980501563334 30.323
-0.8647980501563334 30.323
-0.8647980501563334 30.323
-0.85691965207276 30.323
-0.8396736672842688 30.323
-0.8319237972729271 30.323
-0.8319237972729271 30.323
-0.818520562310213 30.323
-0.818520562310213 30.323
-0.8079259946542472 30.323
-0.7599911483326136 30.323
-0.7599911483326136 30.323
-0.7419785062244749 30.323
-0.7419785062244749 30.323
-0.7419785062244749 30.323
-0.7396963663032974 30.323
-0.72368432578284 30.323
-0.72368432578284 30.323
-0.7236786368862116 30.323
-0.7236786368862116 30.323
-0.7114015554107503 30.323
-0.7114015554107503 30.323
-0.7084931058315819 30.323
-0.7061357645653422 30.323
-0.7033833676842194 30.323
-0.7033833676842194 30.323
-0.7033833676842194 30.323
-0.6914307282961965 30.323
-0.6914307282961965 30.323
-0.6617735217890197 30.323
-0.6617735217890197 30.323
-0.6617735217890197 30.323
-0.5814404664466558 30.323
-0.5814404664466558 30.323
-0.5621916931360638 30.323
-0.5621916931360638 30.323
-0.5621916931360638 30.323
-0.5621916931360638 30.323
-0.4978307069370122 30.323
-0.4613153769701239 30.323
-0.4613153769701239 30.323
1.0552666459934525 30.323
1.0552666459934525 30.323
1.0552666459934525 30.323
1.0552666459934525 30.323
1.6621687233328442 30.323
1.6621687233328442 30.323
1.6621687233328442 30.323
1.6621687233328442 30.323
2.194851006457407 30.323
2.194851006457407 30.323
2.194851006457407 30.323
2.194851006457407 30.323
2.237179771981674 30.323
2.237179771981674 30.323
2.237179771981674 30.323
2.237179771981674 30.323
2.237179771981674 30.323
2.237179771981674 30.323
4.514157357213642 30.323
5.265428975690031 30.323
5.265428975690031 30.323
7.823988682654999 30.323
7.823988682654999 30.323
8.430103602841015 30.323
8.710103917476005 30.323
9.866387179578883 30.323
11.433560535955293 30.323
11.433560535955293 30.323
12.03676583616782 30.323
13.851095546534207 30.323
13.851095546534207 30.323
14.550264111593524 30.323
14.550264111593524 30.323
18.611170570255215 30.323
18.611170570255215 30.323
18.75319108305697 30.323
19.48539851736688 30.323
19.48539851736688 30.323
19.91434438637113 30.323
20.29993701486099 30.323
23.12556537044886 30.323
23.12556537044886 30.323
23.99385940743789 30.323
23.99385940743789 30.323
25.426974454898122 30.323
26.01678079021922 30.323
26.01678079021922 30.323
27.771835249337762 30.323
27.771835249337762 30.323
28.48062291000364 30.323
29.466289434388468 30.323
29.964725829431234 30.323
29.964725829431234 30.323
30.08831694283353 30.323
30.08831694283353 30.323
30.536075182345012 30.323
31.236292846594502 30.323
31.236292846594502 30.323
34.3441634785565 30.323
34.3441634785565 30.323
34.3441634785565 30.323
34.3441634785565 30.323
35.629610227309435 30.323
35.629610227309435 30.323
38.11205573242757 30.323
39.314414696672685 30.323
39.314414696672685 30.323
39.314414696672685 30.323
39.314414696672685 30.323
43.41104759853617 30.323
43.41104759853617 30.323
43.41104759853617 30.323
43.41104759853617 30.323
43.889141397854246 30.323
43.889141397854246 30.323
44.66323475641377 30.323
44.66323475641377 30.323
48.51010699607684 30.323
48.51010699607684 30.323
55.43457203647333 30.323
55.43457203647333 30.323
55.43457203647333 30.323
55.43457203647333 30.323
67.72556339547303 30.323
67.72556339547303 30.323
67.72556339547303 30.323
67.72556339547303 30.323
88.73589160423174 30.323
88.73589160423174 30.323
91.42283061168793 30.323
91.42283061168793 30.323
98.98070294192915 30.323
138.11470644803376 30.323
150.04366019349325 30.323
150.04366019349325 30.323
161.60918822285197 30.323
161.60918822285197 30.323
163.06049402066625 30.323
163.06049402066625 30.323
163.09097637785018 30.323
170.47682432739109 30.323
170.47682432739109 30.323
170.47682432739109 30.323
170.47682432739109 30.323
173.68077016442462 30.323
173.68077016442462 30.323
173.94105453787765 30.323
175.47855619963633 30.323
175.47855619963633 30.323
181.69313898265796 30.323
195.62983685225453 30.323
195.62983685225453 30.323
198.8440723837261 30.323
198.8440723837261 30.323
203.4649490781724 30.323
206.42330186651643 30.323
206.42330186651643 30.323
206.42330186651643 30.323
250.2604860430357 30.323
281.68957537237316 30.323
289.7088417683025 30.323
289.7088417683025 30.323
321.764025464559 30.323
321.764025464559 30.323
341.92869934773506 30.323
341.92869934773506 30.323
358.3651811746857 30.323
358.3651811746857 30.323
358.3651811746857 30.323
358.3651811746857 30.323
367.5663444466074 30.323
203.4649490781724 30.323
389.53113988940225 30.323
-1.4727460884429375 30.323
19.91434438637113 30.323
390.64907342252803 30.323
390.64907342252803 30.323
30.536075182345012 30.323
29.466289434388468 30.323
-2.621045754966664 30.323
390.64907342252803 30.323
