-1.0 24.494
-1.0 24.494
-1.0 24.494
-1.0 24.494
-1.0 24.494
-1.0 24.494
-1.0 24.495
-1.0 24.495
-1.0 24.495
-1.0 20.005
-1.0 17.736
-1.0 17.736
-1.0 17.736
-1.0 17.736
-1.0 20.613
-1.0 20.67
-1.0 20.67
-1.0 17.414
-1.0 17.414
-1.0 17.383
-1.0 17.383
-1.0 17.383
-1.0 17.383
-1.0 21.962
-1.0 19.767
-1.0 19.767
-1.0 21.23
-1.0 21.23
-1.0 19.77
-1.0 19.77
-1.0 21.197
-1.0 21.197
-1.0 15.31
-1.0 20.089
-1.0 20.089
-1.0 21.77
-1.0 21.77
-1.0 18.683
-1.0 18.683
-1.0 22.537
-1.0 22.537
-1.0 22.537
-1.0 22.537
-1.0 17.081
-1.0 14.983
-1.0 14.983
-1.0 15.834
-1.0 21.115
-1.0 21.115
-1.0 18.686
-1.0 18.686
-1.0 17.723
-1.0 17.723
-1.0 19.931
-1.0 19.931
-1.0 21.355
-1.0 21.355
-1.0 19.861
-1.0 19.861
-1.0 22.36
-1.0 22.36
-1.0 19.955
-1.0 19.954
-1.0 19.954
-1.0 19.955
-1.0 22.514
-1.0 22.514
-1.0 19.262
-1.0 19.262
-1.0 21.364
-1.0 21.364
-1.0 22.413
-1.0 22.413
-1.0 22.413
-1.0 17.319
-1.0 17.319
-1.0 22.275
-1.0 22.275
-1.0 22.275
-1.0 22.275
-1.0 15.592
-1.0 20.268
-1.0 20.268
-1.0 20.268
-1.0 20.268
-1.0 19.909
-1.0 19.909
-1.0 22.041
-1.0 22.041
-1.0 21.932
-1.0 21.932
-1.0 21.932
-1.0 21.932
-1.0 19.328
-1.0 18.343
-1.0 18.343
-1.0 17.507
-1.0 17.507
-1.0 19.589
-1.0 19.589
-1.0 -1.0
-1.0 -1.0
-1.0 -1.0
-1.0 -1.0
-1.0 -1.0
-1.0 -1.0
-1.0 -1.0
-1.0 -1.0
-1.0 -1.0
-1.0 -1.0
-1.0 -1.0
-1.0 -1.0
-1.0 -1.0
-1.0 -1.0
-1.0 -1.0
-1.0 -1.0
-1.0 -1.0
-1.0 -1.0
-1.0 -1.0
-1.0 -1.0
-1.0 -1.0
-1.0 -1.0
-1.0 -1.0
-1.0 -1.0
-1.0 -1.0
-1.0 -1.0
-1.0 -1.0
-1.0 -1.0
-1.0 -1.0
-1.0 -1.0
-1.0 -1.0
-1.0 -1.0
-1.0 -1.0
-1.0 -1.0
-1.0 -1.0
-1.0 -1.0
-1.0 -1.0
-1.0 -1.0
-1.0 -1.0
-1.0 -1.0
-1.0 -1.0
-1.0 -1.0
-1.0 -1.0
-1.0 -1.0
-1.0 -1.0
-1.0 -1.0
-1.0 -1.0
-1.0 -1.0
-1.0 -1.0
-1.0 -1.0
-1.0 -1.0
-1.0 -1.0
-1.0 -1.0
-1.0 -1.0
-1.0 -1.0
-1.0 -1.0
-1.0 -1.0
-1.0 -1.0
-1.0 -1.0
-1.0 -1.0
-1.0 -1.0
-1.0 -1.0
-1.0 -1.0
-1.0 -1.0
-1.0 -1.0
-1.0 -1.0
-1.0 -1.0
-1.0 -1.0
-1.0 -1.0
-1.0 -1.0
-1.0 -1.0
-1.0 -1.0
-1.0 -1.0
-1.0 -1.0
-1.0 -1.0
-1.0 -1.0
-1.0 -1.0
-1.0 -1.0
-1.0 -1.0
-1.0 -1.0
-1.0 -1.0
-1.0 -1.0
-1.0 -1.0
-1.0 -1.0
-1.0 -1.0
-1.0 -1.0
-1.0 -1.0
-1.0 -1.0
-1.0 -1.0
-1.0 -1.0
-1.0 -1.0
-1.0 -1.0
-1.0 -1.0
-1.0 -1.0
-1.0 -1.0
-1.0 -1.0
-1.0 -1.0
-1.0 -1.0
-1.0 -1.0
-1.0 -1.0
-1.0 -1.0
-1.0 -1.0
-1.0 -1.0
-1.0 -1.0
-1.0 -1.0
-1.0 -1.0
-1.0 -1.0
-1.0 -1.0
-1.0 -1.0
-1.0 -1.0
-1.0 -1.0
-1.0 -1.0
-1.0 -1.0
-1.0 -1.0
-1.0 -1.0
-1.0 -1.0
-1.0 -1.0
-1.0 -1.0
-1.0 -1.0
-1.0 -1.0
-1.0 -1.0
-1.0 -1.0
-1.0 -1.0
-1.0 -1.0
-1.0 -1.0
-1.0 -1.0
-1.0 -1.0
-1.0 -1.0
-1.0 -1.0
-1.0 -1.0
-1.0 -1.0
-1.0 -1.0
-1.0 -1.0
-1.0 -1.0
-1.0 -1.0
-1.0 -1.0
-1.0 -1.0
-1.0 -1.0
-1.0 -1.0
-1.0 -1.0
-1.0 -1.0
-1.0 -1.0
-1.0 -1.0
-1.0 -1.0
-1.0 -1.0
-1.0 -1.0
-1.0 -1.0
-1.0 -1.0
-1.0 -1.0
-1.0 -1.0
-1.0 -1.0
-1.0 -1.0
-1.0 -1.0
-1.0 -1.0
-1.0 -1.0
-1.0 -1.0
-1.0 -1.0
-1.0 -1.0
-1.0 -1.0
-1.0 -1.0
-1.0 -1.0
-1.0 -1.0
-1.0 -1.0
-1.0 -1.0
-1.0 -1.0
-1.0 -1.0
-1.0 -1.0
-1.0 -1.0
-1.0 -1.0
-1.0 -1.0
-1.0 -1.0
-1.0 -1.0
-1.0 -1.0
-1.0 -1.0
-1.0 -1.0
-1.0 -1.0
-1.0 -1.0
-1.0 -1.0
-1.0 -1.0
-1.0 -1.0
-1.0 -1.0
-1.0 -1.0
-1.0 -1.0
-1.0 -1.0
-1.0 -1.0
-1.0 -1.0
-1.0 -1.0
-1.0 -1.0
-1.0 -1.0
-1.0 -1.0
-1.0 -1.0
-1.0 -1.0
-1.0 -1.0
-1.0 -1.0
-1.0 -1.0
-1.0 -1.0
-1.0 -1.0
-1.0 -1.0
-1.0 -1.0
-1.0 -1.0
-1.0 -1.0
-1.0 -1.0
-1.0 -1.0
-1.0 -1.0
-1.0 -1.0
-1.0 -1.0
-1.0 -1.0
-1.0 -1.0
-1.0 -1.0
-1.0 -1.0
-1.0 -1.0
-1.0 -1.0
-1.0 -1.0
-1.0 -1.0
-1.0 -1.0
-1.0 -1.0
-1.0 -1.0
-1.0 -1.0
-1.0 -1.0
-1.0 -1.0
-1.0 -1.0
-1.0 -1.0
-1.0 -1.0
-1.0 -1.0
-1.0 -1.0
-1.0 -1.0
-1.0 -1.0
-1.0 -1.0
-1.0 -1.0
-1.0 -1.0
-1.0 -1.0
-1.0 -1.0
-1.0 -1.0
-1.0 -1.0
-1.0 -1.0
-1.0 -1.0
-1.0 -1.0
-1.0 -1.0
-1.0 -1.0
-1.0 -1.0
-1.0 -1.0
-1.0 -1.0
-1.0 -1.0
-1.0 -1.0
-1.0 -1.0
-1.0 -1.0
-1.0 -1.0
-1.0 -1.0
-1.0 -1.0
-1.0 -1.0
-1.0 -1.0
-1.0 -1.0
-1.0 -1.0
-1.0 -1.0
-1.0 -1.0
-1.0 -1.0
-1.0 -1.0
-1.0 -1.0
-1.0 -1.0
-1.0 -1.0
-1.0 -1.0
-1.0 -1.0
-1.0 -1.0
-1.0 -1.0
-1.0 -1.0
-1.0 -1.0
-1.0 -1.0
-1.0 -1.0
-1.0 -1.0
-1.0 -1.0
-1.0 -1.0
-1.0 -1.0
-1.0 -1.0
-1.0 -1.0
-1.0 -1.0
-1.0 -1.0
-1.0 -1.0
-1.0 -1.0
-1.0 -1.0
-1.0 -1.0
-1.0 -1.0
-1.0 -1.0
-1.0 -1.0
-1.0 -1.0
-1.0 -1.0
-1.0 -1.0
-1.0 -1.0
-1.0 -1.0
-1.0 -1.0
-1.0 -1.0
-1.0 -1.0
-1.0 -1.0
-1.0 -1.0
-1.0 -1.0
-1.0 -1.0
-1.0 -1.0
-1.0 -1.0
-1.0 -1.0
-1.0 -1.0
-1.0 -1.0
-1.0 -1.0
-1.0 -1.0
-1.0 -1.0
-1.0 -1.0
-1.0 -1.0
-1.0 -1.0
-1.0 -1.0
-1.0 -1.0
-1.0 -1.0
-1.0 -1.0
-1.0 -1.0
-1.0 -1.0
-1.0 -1.0
-1.0 -1.0
-1.0 -1.0
-1.0 -1.0
-1.0 -1.0
-1.0 -1.0
-1.0 -1.0
-1.0 -1.0
-1.0 -1.0
-1.0 -1.0
-1.0 -1.0
-1.0 -1.0
-1.0 -1.0
-1.0 -1.0
-1.0 -1.0
-1.0 -1.0
-1.0 -1.0
-1.0 -1.0
-1.0 -1.0
-1.0 -1.0
-1.0 -1.0
-1.0 -1.0
-1.0 -1.0
-1.0 -1.0
-1.0 -1.0
-1.0 -1.0
-1.0 -1.0
-1.0 -1.0
-1.0 -1.0
-1.0 -1.0
-1.0 -1.0
-1.0 -1.0
-1.0 -1.0
-1.0 -1.0
-1.0 -1.0
-1.0 -1.0
-1.0 -1.0
-1.0 -1.0
-1.0 -1.0
-1.0 -1.0
-1.0 -1.0
-1.0 -1.0
-1.0 -1.0
-1.0 -1.0
-1.0 -1.0
-1.0 -1.0
-1.0 -1.0
-1.0 -1.0
-1.0 -1.0
-1.0 -1.0
-1.0 -1.0
-1.0 -1.0
-1.0 -1.0
-1.0 -1.0
-1.0 -1.0
-1.0 -1.0
-1.0 -1.0
-1.0 -1.0
-1.0 -1.0
-1.0 -1.0
-1.0 -1.0
-1.0 -1.0
-1.0 -1.0
-1.0 -1.0
-1.0 -1.0
-1.0 -1.0
-1.0 -1.0
-1.0 -1.0
-1.0 -1.0
-1.0 -1.0
-1.0 -1.0
-1.0 -1.0
-1.0 -1.0
-1.0 -1.0
-1.0 -1.0
-1.0 -1.0
-1.0 -1.0
-1.0 -1.0
-1.0 -1.0
-1.0 -1.0
-1.0 -1.0
-1.0 -1.0
-1.0 -1.0
-1.0 -1.0
-1.0 -1.0
-1.0 -1.0
-1.0 -1.0
-1.0 -1.0
