NaN 29.655
-85.16862900045335 29.655
-43.64077513980541 29.655
-43.64077513980541 31.747
-42.76241848492871 31.582
-42.76241848492871 30.427
-42.76241848492871 30.427
-42.76241848492871 30.507
-40.16017361403994 30.507
-37.48018430647743 32.19
-36.962029914753884 27.716
-30.80048419721725 33.118
-30.602156816204275 33.118
-27.34446082977434 30.313
-27.34446082977434 30.313
-27.341714421157146 30.313
-27.341714421157146 30.313
-27.341714421157146 26.358
-27.341714421157146 26.358
-25.623049252439937 26.358
-25.623049252439937 26.358
-25.623049252439937 25.665
-25.623049252439937 25.665
-23.982387495302564 20.785
-23.982387495302564 20.785
-23.621512645053574 25.906
-23.429233732045848 25.906
-23.429233732045848 26.101
-22.328078649537982 26.101
-21.874186689516055 30.414
-21.874186689516055 26.369
-21.318904711061464 26.369
-21.19250434962474 27.472
-20.23213081932127 34.042
-20.23213081932127 23.27
-19.875144246250386 23.27
-19.875144246250386 23.27
-19.29802866849077 23.27
-19.29802866849077 33.943
-19.29802866849077 30.606
-18.691681400199247 30.606
-18.691681400199247 24.574
-18.691681400199247 30.27
-18.691681400199247 30.27
-18.608563410581386 24.888
-18.589621318259134 28.633
-17.986625046444082 28.633
-17.825080309473122 24.335
-17.825080309473122 26.949
-16.98000746415838 26.949
-16.809221175757603 25.626
-16.809221175757603 25.626
-16.809221175757603 32.664
-15.093829229441972 32.664
-14.761893346597327 27.842
-14.761893346597327 27.708
-14.690516967652044 26.053
-14.690516967652044 26.053
-14.125062670538796 26.053
-13.90720055798858 26.053
-13.637729038195385 33.211
-13.550650458180401 33.211
-13.550650458180401 33.211
-13.550650458180401 31.898
-13.550650458180401 31.898
-13.375713470807831 31.898
-13.375713470807831 24.61
-13.227679440638436 24.611
-13.227679440638436 24.611
-13.106387365553653 33.791
-13.106387365553653 33.791
-13.106387365553653 21.551
-13.07862801602464 21.551
-12.804378582448408 21.551
-12.648052080103922 21.746
-12.648052080103922 21.746
-12.648052080103922 21.746
-12.648052080103922 20.593
-12.291275252433737 20.593
-12.291275252433737 28.258
-12.291275252433737 28.258
-12.087206914843518 28.258
-12.087206914843518 28.258
-11.282130322954398 28.805
-11.282130322954398 28.804
-11.282130322954398 33.843
-11.24759085437286 26.248
-11.24759085437286 26.248
-11.13440513555335 30.06
-10.799282106307427 28.432
-10.799282106307427 24.528
-10.54976838156633 21.824
-10.54976838156633 25.576
-10.467762934305046 25.576
-10.234469679372946 25.576
-10.109230847539273 25.576
-9.882616608413 28.231
-9.882616608413 28.231
-9.882616608413 28.464
-9.882616608413 33.502
-9.752986048213913 33.502
-9.752986048213913 31.797
-9.659424673253582 32.436
-9.659424673253582 29.72
-9.502763942470988 30.572
-9.502763942470988 30.591
-9.502763942470988 32.027
-9.369263576994634 32.027
-9.189655639256216 27.247
-9.081646859081205 26.527
-9.081646859081205 26.527
-8.979069163881912 28.069
-8.443403228536402 28.069
-8.255439655182872 25.185
-8.231267286308743 31.584
-7.982038420466861 28.957
-7.982038420466861 19.155
-7.96367242140311 31.522
-7.96367242140311 31.522
-7.8467534089027815 21.86
-7.553155655012236 26.109
-7.186821359106061 26.109
-7.1846753494665805 26.109
-7.167201463843309 27.658
-7.125117226165625 27.658
-7.083560897353872 27.658
-6.985647701561904 27.658
-6.985647701561904 30.119
-6.985647701561904 23.24
-6.985647701561904 23.24
-6.939613238836033 23.24
-6.800336768674168 20.649
-6.800336768674168 21.957
-6.800336768674168 31.624
-6.749351794038766 23.761
-6.561392162787888 23.761
-6.543144861252231 23.761
-6.543144861252231 21.963
-6.543144861252231 23.899
-6.487624896679821 25.075
-6.052154747178007 25.075
-6.052154747178007 22.817
-5.959901390789882 21.334
-5.956294846626881 21.334
-5.956294846626881 28.208
-5.876329306502619 28.208
-5.876329306502619 28.208
-5.876329306502619 28.208
-5.876329306502619 21.875
-5.864958761871977 22.262
-5.858045655177066 22.262
-5.858045655177066 22.147
-5.670498197331407 29.887
-5.670498197331407 29.887
-5.670498197331407 29.887
-5.553147267973222 21.323
-5.503745032650221 21.323
-5.503745032650221 29.629
-5.368769423385071 24.02
-5.3496287097294974 20.612
-5.287639775027058 33.476
-5.287639775027058 33.477
-5.191982894443573 33.476
-5.190155067107883 28.807
-5.180750329207546 27.033
-5.180750329207546 32.458
-5.180750329207546 21.555
-5.058018486889942 32.138
-4.897441735383941 32.138
-4.897441735383941 32.138
-4.897441735383941 32.138
-4.887990274709712 29.739
-4.887990274709712 30.411
-4.81194657836014 30.412
-4.778088834427499 30.413
-4.778088834427499 22.931
-4.762029561056073 26.017
-4.686932296665291 26.017
-4.686932296665291 22.885
-4.659356487453035 22.885
-4.659356487453035 22.885
-4.659356487453035 31.881
-4.64217710691738 31.881
-4.64217710691738 27.28
-4.64217710691738 27.28
-4.516322159076328 27.28
-4.516322159076328 27.28
-4.516322159076328 24.157
-4.516322159076328 24.157
-4.459707572541516 24.179
-4.418539928224058 30.444
-4.418539928224058 23.021
-4.395200083842428 23.021
-4.3551648205373805 23.021
-4.3551648205373805 23.021
-4.3551648205373805 20.91
-4.302743953167148 20.91
-4.302743953167148 19.776
-4.297759744487775 19.776
-4.297759744487775 24.041
-4.295420601271747 23.22
-4.295420601271747 23.905
-4.294484418484579 23.905
-4.273130397621917 23.76
-4.273130397621917 23.76
-4.25858810489672 22.832
-4.294484418484579 22.832
-4.194392978670339 22.832
-4.194392978670339 22.832
-4.194392978670339 22.403
-4.194392978670339 22.403
-4.122997114886047 22.403
-4.122997114886047 22.403
-4.122997114886047 29.704
-4.122997114886047 23.22
-4.112825567230576 29.704
-4.112825567230576 30.833
-4.112825567230576 30.833
-4.0594503224878515 33.303
-4.011484053838201 33.304
-3.9834322726406857 32.252
-3.9834322726406857 32.252
-3.9834322726406857 23.408
-3.9834322726406857 21.479
-3.962104712971401 21.515
-3.948110830501842 29.804
-3.948110830501842 20.137
-3.9185516740958537 20.137
-3.7859856060040005 21.927
-3.7859856060040005 24.341
-3.776909046039022 26.882
-3.776909046039022 25.145
-3.76049807198726 24.883
-3.76049807198726 24.883
-3.7198061081436933 22.607
-3.6179479610580008 22.607
-3.6129954166094227 22.607
-3.6129954166094227 22.766
-3.5953793826129026 22.766
-3.5622149791564244 22.766
-3.5622149791564244 22.766
-3.5622149791564244 22.766
-3.5622149791564244 22.766
-3.5622149791564244 26.501
-3.5622149791564244 26.501
-3.5622149791564244 26.501
-3.5622149791564244 24.078
-3.480292504156456 24.078
-3.480292504156456 24.078
-3.480292504156456 28.475
-3.480292504156456 28.475
-3.434949952281242 28.475
-3.434949952281242 28.475
-3.434949952281242 28.283
-3.434949952281242 28.283
-3.3804781516918316 24.095
-3.3804781516918316 24.095
-3.3804781516918316 24.095
-3.334599194661176 24.095
-3.334599194661176 24.571
-3.275394112984612 24.571
-3.275394112984612 24.571
-3.275394112984612 24.571
-3.275394112984612 25.815
-3.2192385651166813 25.815
-3.2192385651166813 25.815
-3.2192385651166813 25.815
-3.2192385651166813 34.006
-3.0856290228926015 34.006
-3.0856290228926015 34.006
-3.0856290228926015 21.967
-3.0856290228926015 21.967
-3.0822797008287894 21.967
-3.0822797008287894 21.967
-3.0822797008287894 21.967
-2.93880564328208 21.967
-2.8953652017879454 21.967
-2.8953652017879454 21.967
-2.8953652017879454 30.338
-2.8953652017879454 20.948
-2.8953652017879454 20.948
-2.8953652017879454 21.64
-2.8429887090129156 21.64
-2.8255245316329454 27.388
-2.7743305433287517 27.388
-2.7743305433287517 27.388
-2.7650782252025676 27.388
-2.7650782252025676 25.503
-2.729478850332343 25.504
-2.729478850332343 25.504
-2.710259767609473 25.503
-2.710259767609473 26.393
-2.710259767609473 26.393
-2.710259767609473 26.393
-2.7006345755926096 26.393
-2.7006345755926096 20.813
-2.7006345755926096 19.261
-2.7006345755926096 27.271
-2.6714654351516076 19.899
-2.6521467411769737 31.712
-2.5803586099316873 31.712
-2.5694428199380424 31.712
-2.543584162530576 19.072
-2.543584162530576 20.54
-2.543584162530576 20.54
-2.543584162530576 23.97
-2.5249658199329934 23.97
-2.4678927916031643 23.97
-2.4678927916031643 23.97
-2.4573329774062294 23.968
-2.4573329774062294 23.97
-2.4573329774062294 23.968
-2.4573329774062294 23.97
-2.4573329774062294 23.454
-2.4573329774062294 23.453
-2.4573329774062294 26.812
-2.4239047403329237 26.812
-2.4239047403329237 26.812
-2.404117864016078 24.439
-2.404117864016078 24.439
-2.404117864016078 27.09
-2.404117864016078 33.093
-2.387812011679183 33.093
-2.343293314761235 30.701
-2.3052709321117972 29.386
-2.3052709321117972 29.386
-2.278090882494319 24.077
-2.278090882494319 24.077
-2.120073530468618 24.077
-2.1184390198249377 30.896
-2.1184390198249377 23.345
-2.1184390198249377 23.345
-2.1184390198249377 24.715
-2.1072976474217078 24.715
-2.0856802730792 24.713
-2.0856802730792 27.383
-2.08514118047456 27.383
-2.08514118047456 24.118
-2.08514118047456 24.118
-2.040171094121006 18.82
-1.98101029636145 18.82
-1.98101029636145 29.781
-1.9439055095656852 29.781
-1.937589463946673 29.781
-1.937589463946673 22.201
-1.937589463946673 22.201
-1.9128710757036598 18.54
-1.9128710757036598 25.229
-1.7719153385338906 24.61
-1.7520003934368447 23.54
-1.7520003934368447 23.54
-1.7157382131863894 18.731
-1.7157382131863894 19.166
-1.6936484008352086 19.166
-1.6936484008352086 28.444
-1.6837245781278978 27.449
-1.6837245781278978 27.449
-1.6815760535705757 21.898
-1.6815760535705757 21.898
-1.6815760535705757 21.898
-1.6815760535705757 21.898
-1.650050865953244 21.345
-1.650050865953244 21.345
-1.650050865953244 21.345
-1.650050865953244 21.345
-1.6406737438143097 24.906
-1.6406737438143097 24.906
-1.6406737438143097 24.906
-1.6406737438143097 24.906
-1.6139009751903355 33.58
-1.6139009751903355 33.582
-1.5424639850352522 21.309
-1.5424639850352522 21.309
-1.5424639850352522 21.309
-1.5424639850352522 21.309
-1.5362070442793248 28.412
-1.5362070442793248 28.412
-1.5129334653243118 28.412
-1.5009939132812171 24.426
-1.4556488548727675 24.105
-1.4556488548727675 24.105
-1.4423224510208184 28.638
-1.4413242190054132 28.638
-1.4413242190054132 28.638
-1.3562742602101248 21.459
-1.3562742602101248 21.459
-1.3562742602101248 23.337
-1.3322169167237219 22.053
-1.3322169167237219 22.053
-1.3288566229840553 22.053
-1.3288566229840553 22.053
-1.3288566229840553 25.977
-1.3288566229840553 25.977
-1.3288566229840553 22.633
-1.3288566229840553 22.633
-1.3015364129922453 22.633
-1.3015364129922453 22.633
-1.2957944177076939 22.633
-1.2957944177076939 22.633
-1.2874728972894012 24.131
-1.2874728972894012 24.131
-1.2874728972894012 22.93
-1.2874093370518707 22.93
-1.2863392910754472 22.93
-1.2763699058457405 22.93
-1.2490825019071004 22.992
-1.2490825019071004 22.992
-1.2302078873117306 22.992
-1.2302078873117306 28.122
-1.2302078873117306 28.171
-1.2302078873117306 33.808
-1.2267231366075042 33.808
-1.2267231366075042 21.913
-1.2251589424562626 23.529
-1.2251589424562626 23.529
-1.2251589424562626 23.529
-1.2251589424562626 23.529
-1.2212675522311158 29.355
-1.2212675522311158 24.109
-1.2212675522311158 24.109
-1.2212675522311158 21.844
-1.1884255184965415 21.844
-1.1884255184965415 21.844
-1.1884255184965415 21.844
-1.1884255184965415 30.075
-1.18776223293998 30.075
-1.1803127801747575 30.075
-1.1803127801747575 30.075
-1.1803127801747575 33.405
-1.170284388904127 33.405
-1.1569817085043093 33.405
-1.1569817085043093 21.63
-1.1534965692214418 23.991
-1.1534965692214418 23.902
-1.1463102846534612 24.386
-1.1463102846534612 24.386
-1.1282348455192646 31.515
-1.1253886764294452 31.515
-1.1253886764294452 20.859
-1.1241799231537328 20.859
-1.1241799231537328 30.606
-1.0922983806423334 30.606
-1.0671845525676116 22.745
-1.0671845525676116 22.745
-1.0659394217067344 27.074
-1.0659394217067344 27.074
-1.0586697213233318 18.713
-1.0586697213233318 18.713
-1.0514494599695012 32.188
-1.0342171604065955 32.188
-1.0342171604065955 32.188
-1.0276010380122558 18.383
-1.0276010380122558 18.383
-1.0276010380122558 31.123
-1.0276010380122558 31.12
-1.0276010380122558 20.904
-1.0276010380122558 29.169
-1.0276010380122558 23.624
-1.0276010380122558 23.622
-1.0276010380122558 23.624
-0.9979268437288028 23.624
-0.9979268437288028 23.622
-0.9979268437288028 23.624
-0.9866402241049729 33.845
-0.9866402241049729 33.845
-0.980192757334516 33.845
-0.980192757334516 33.845
-0.979342850291584 24.058
-0.979342850291584 24.058
-0.979342850291584 23.846
-0.979342850291584 23.846
-0.9792070433132876 23.265
-0.9792070433132876 23.265
-0.9716072154094086 23.265
-0.9716072154094086 23.265
-0.9716072154094086 25.69
-0.9716072154094086 25.69
-0.9664576403648093 23.317
-0.9582865773362169 23.317
-0.9502782462965967 23.317
-0.9502782462965967 23.317
-0.9234466942332229 23.68
-0.9234466942332229 23.68
-0.9234466942332229 24.42
-0.9234466942332229 24.42
-0.9234466942332229 28.66
-0.9234466942332229 29.242
-0.9234466942332229 28.66
-0.9234466942332229 28.66
-0.8802539810717895 29.242
-1.5362070442793248 29.242
-0.8802539810717895 29.242
-0.8802539810717895 32.188
-0.8802539810717895 24.685
-0.8310308766613823 25.229
-0.8310308766613823 23.624
-1.685407840615812 24.685
-0.8310308766613823 24.685
-1.2763699058457405 26.903
-0.8310308766613823 31.881
