NaN 1000.0
-1.0 18.8
-1.0 18.914
-1.0 19.6
-1.0 21.082
-1.0 19.969
-1.0 19.118
-1.0 19.238
-1.0 17.47
-1.0 17.489
-23.304783409265237 -1.0
-21.660681513394433 -1.0
-21.660681513394433 -1.0
-21.38065713583828 -1.0
-21.38065713583828 -1.0
-20.159734307330258 -1.0
-18.677116973113378 -1.0
-18.677116973113378 -1.0
-18.029158541510412 -1.0
-18.029158541510412 -1.0
-17.890904414864128 -1.0
-17.409574483618016 -1.0
-17.409574483618016 -1.0
-17.12497231250436 -1.0
-17.12497231250436 -1.0
-17.12497231250436 -1.0
-16.004226816963502 -1.0
-15.904132026946339 -1.0
-15.235142292282353 -1.0
-15.235142292282353 -1.0
-15.235142292282353 -1.0
-14.379738760981235 -1.0
-14.379738760981235 -1.0
-14.259499790006597 -1.0
-14.259499790006597 -1.0
-14.155193040029092 -1.0
-14.088673802320743 -1.0
-14.088673802320743 -1.0
-13.157411023388436 -1.0
-13.157411023388436 -1.0
-13.032273914332144 -1.0
-12.316428315543245 -1.0
-12.316428315543245 -1.0
-12.291049592943608 -1.0
-12.291049592943608 -1.0
-11.533397016897416 -1.0
-11.441420325051059 -1.0
-11.441420325051059 -1.0
-11.354037406296753 -1.0
-11.354037406296753 -1.0
-10.833973655114464 -1.0
-10.833973655114464 -1.0
-10.142363140967431 -1.0
-9.703047093268639 -1.0
-9.703047093268639 -1.0
-9.590280983704025 -1.0
-9.590280983704025 -1.0
-9.301695209094705 -1.0
-9.301695209094705 -1.0
-9.301695209094705 -1.0
-9.301695209094705 -1.0
-9.231651338072185 -1.0
-9.231651338072185 -1.0
-9.084906567885039 -1.0
-8.89827860087573 -1.0
-8.839022282149623 -1.0
-8.839022282149623 -1.0
-8.733651551974361 -1.0
-8.56062556122135 -1.0
-8.523907046567206 -1.0
-8.490044823071825 -1.0
-8.490044823071825 -1.0
-8.257604488977059 -1.0
-8.257604488977059 -1.0
-8.22292572051687 -1.0
-8.126384997404724 -1.0
-8.046686964463552 -1.0
-8.046686964463552 -1.0
-7.92751496185419 -1.0
-7.92751496185419 -1.0
-7.92751496185419 -1.0
-7.608366624677185 -1.0
-7.607600257256357 -1.0
-7.446722262673255 -1.0
-7.446722262673255 -1.0
-7.231958387419577 -1.0
-7.231958387419577 -1.0
-7.231958387419577 -1.0
-7.069590987720508 -1.0
-7.069590987720508 -1.0
-6.902120685414559 -1.0
-6.902120685414559 -1.0
-6.804298111483569 -1.0
-6.78526177775786 -1.0
-6.7075466975727025 -1.0
-6.7075466975727025 -1.0
-6.575663102698405 -1.0
-6.575663102698405 -1.0
-6.554388558482575 -1.0
-6.357940955763302 -1.0
-6.357940955763302 -1.0
-6.357940955763302 -1.0
-6.282135665443223 -1.0
-6.282135665443223 -1.0
-6.282135665443223 -1.0
-6.282135665443223 -1.0
-6.20261497126199 -1.0
-6.20261497126199 -1.0
-6.20261497126199 -1.0
-6.099995445953673 -1.0
-6.099995445953673 -1.0
-6.069114006649609 -1.0
-6.031855032807662 -1.0
-6.031855032807662 -1.0
-6.031855032807662 -1.0
-6.031855032807662 -1.0
-6.016417740970438 -1.0
-5.901317923604851 -1.0
-5.901317923604851 -1.0
-5.879651902587721 -1.0
-5.879651902587721 -1.0
-5.241282764520897 -1.0
-5.241282764520897 -1.0
-5.2409784033509785 -1.0
-5.2409784033509785 -1.0
-4.566945712483646 -1.0
-4.566945712483646 -1.0
-4.566945712483646 -1.0
-4.566945712483646 -1.0
-4.525735167278604 -1.0
-4.525735167278604 -1.0
-4.492380589897941 -1.0
-4.492380589897941 -1.0
-4.477801130415414 -1.0
-4.477801130415414 -1.0
-4.389180311050261 -1.0
-4.371986620551856 -1.0
-4.371986620551856 -1.0
-4.371986620551856 -1.0
-4.371986620551856 -1.0
-4.164948869309349 -1.0
-4.053671265437947 -1.0
-4.053671265437947 -1.0
-4.033503624822871 -1.0
-4.033503624822871 -1.0
-3.9415901761997327 -1.0
-3.9415901761997327 -1.0
-3.894096623015156 -1.0
-3.894096623015156 -1.0
-3.8765355397331476 -1.0
-3.814059834456878 -1.0
-3.433528260405817 -1.0
-3.433528260405817 -1.0
-3.433528260405817 -1.0
-3.4136624613614113 -1.0
-3.2894489257699386 -1.0
-3.2894489257699386 -1.0
-3.2894489257699386 -1.0
-3.2801049328081096 -1.0
-3.2409333930393496 -1.0
-3.2169770889623304 -1.0
-3.2169770889623304 -1.0
-3.2169770889623304 -1.0
-3.213650269508089 -1.0
-3.2002171563521147 -1.0
-3.196734361984306 -1.0
-3.1711286887661063 -1.0
-3.1711286887661063 -1.0
-3.1711286887661063 -1.0
-3.1711286887661063 -1.0
-3.2169770889623304 -1.0
-3.0246248295571494 -1.0
-3.0246248295571494 -1.0
-2.9827155022320397 -1.0
-2.9396150649088444 -1.0
-2.6730808609689234 -1.0
-2.649576913691345 -1.0
-2.542829279902972 -1.0
-6.78526177775786 -1.0
-2.498347926003766 -1.0
-2.498347926003766 -1.0
-2.498347926003766 -1.0
-2.4937779470209662 -1.0
-2.4937779470209662 -1.0
-2.413868581190884 -1.0
-2.4088103604158473 -1.0
-2.3789016890714256 -1.0
-2.30876949761997 -1.0
-2.30876949761997 -1.0
-2.30876949761997 -1.0
-2.1571894690517714 -1.0
-2.105581800455523 -1.0
-2.105581800455523 -1.0
-2.0539329786316785 -1.0
-1.9532936203763924 -1.0
-1.9519605721952888 -1.0
-1.9107298725051534 -1.0
-1.9057651983947632 -1.0
-1.9057651983947632 -1.0
-1.9057651983947632 -1.0
-1.6640122466087492 -1.0
-1.6640122466087492 -1.0
-1.6272280084957154 -1.0
-1.6272280084957154 -1.0
-2.2043829280076555 -1.0
-1.6272280084957154 -1.0
-1.6272280084957154 -1.0
-1.565587369373843 -1.0
-1.5442094795828283 -1.0
-1.4977375894174296 -1.0
-1.2959596082026952 -1.0
-1.237985500958892 -1.0
-1.1270448987912587 -1.0
-1.1270448987912587 -1.0
-3.9415901761997327 -1.0
-1.5584570692506425 -1.0
-1.1239137710484226 -1.0
-1.1239137710484226 -1.0
-1.1239137710484226 -1.0
-1.1239137710484226 -1.0
-1.1207431025299455 -1.0
-1.0955025346053238 -1.0
-1.0888924005000762 -1.0
-1.0888924005000762 -1.0
-1.0888924005000762 -1.0
-1.0888924005000762 -1.0
-3.957754465156913 -1.0
-1.0888924005000762 -1.0
-1.0888924005000762 -1.0
-1.0398730869212227 -1.0
-3.213650269508089 -1.0
-1.0398730869212227 -1.0
-1.0264040528175666 -1.0
-1.0264040528175666 -1.0
-1.0264040528175666 -1.0
-0.9921971702181099 -1.0
-0.9921971702181099 -1.0
-0.9921971702181099 -1.0
-0.8745631563783489 -1.0
-0.8745631563783489 -1.0
-0.8745631563783489 -1.0
-0.8545613973530285 -1.0
-0.8545613973530285 -1.0
-0.7906575584166547 -1.0
-0.7906575584166547 -1.0
-0.7568230898156011 -1.0
-0.7568230898156011 -1.0
-0.7325311352704066 -1.0
-0.7325311352704066 -1.0
-0.7058899960113544 -1.0
-0.6572480697774681 -1.0
-0.6572480697774681 -1.0
-0.6572480697774681 -1.0
-0.6572480697774681 -1.0
-0.6491403988627134 -1.0
-0.6491403988627134 -1.0
-0.6491403988627134 -1.0
-0.6449346051230651 -1.0
-0.6449346051230651 -1.0
-0.6449346051230651 -1.0
-0.6364541510641714 -1.0
-0.6364541510641714 -1.0
-0.6364541510641714 -1.0
-0.6364541510641714 -1.0
0.45056343580062386 -1.0
0.45056343580062386 -1.0
1.1665037461417316 -1.0
1.1665037461417316 -1.0
1.9521746704683427 -1.0
1.9521746704683427 -1.0
1.9521746704683427 -1.0
1.9521746704683427 -1.0
2.5175213981530935 -1.0
2.5175213981530935 -1.0
2.65358951908914 -1.0
2.65358951908914 -1.0
2.65358951908914 -1.0
2.7396206526600877 -1.0
2.7396206526600877 -1.0
2.785802623122464 -1.0
3.356612985221895 -1.0
3.356612985221895 -1.0
3.356612985221895 -1.0
3.4206453895622353 -1.0
4.8648526368875045 -1.0
4.8648526368875045 -1.0
5.1415945401974685 -1.0
5.1415945401974685 -1.0
5.1415945401974685 -1.0
5.1415945401974685 -1.0
6.085065161401319 -1.0
6.2277348964036925 -1.0
6.2277348964036925 -1.0
6.9637289165127925 -1.0
6.9637289165127925 -1.0
6.9637289165127925 -1.0
7.692778575581887 -1.0
8.884246041491778 -1.0
8.884246041491778 -1.0
9.302608275243104 -1.0
9.302608275243104 -1.0
11.423920394236204 -1.0
11.423920394236204 -1.0
16.527984927240457 -1.0
17.190193640932613 -1.0
19.371919325231307 -1.0
20.28687752983398 -1.0
20.28687752983398 -1.0
20.28687752983398 -1.0
20.28687752983398 -1.0
20.58772835984623 -1.0
20.58772835984623 -1.0
20.58772835984623 -1.0
20.58772835984623 -1.0
21.774627375339662 -1.0
21.774627375339662 -1.0
22.939335364078474 -1.0
22.939335364078474 -1.0
24.242417623800772 -1.0
24.792690971993036 -1.0
24.792690971993036 -1.0
25.130373505158715 -1.0
25.130373505158715 -1.0
25.57415495224808 -1.0
25.65588389846166 -1.0
25.65588389846166 -1.0
25.65588389846166 -1.0
25.65588389846166 -1.0
30.564565951267912 -1.0
30.810210759446427 -1.0
32.20156325060587 -1.0
32.20156325060587 -1.0
32.20156325060587 -1.0
34.61480769541395 -1.0
36.206443774388156 -1.0
36.206443774388156 -1.0
36.206443774388156 -1.0
36.206443774388156 -1.0
43.36490058988882 -1.0
43.36490058988882 -1.0
51.9539248772501 -1.0
51.9539248772501 -1.0
51.9539248772501 -1.0
52.995792033583804 -1.0
64.25731856093007 -1.0
64.25731856093007 -1.0
64.25731856093007 -1.0
64.25731856093007 -1.0
64.7810771939256 -1.0
67.91022565839695 -1.0
70.75773116549196 -1.0
71.38095277898235 -1.0
71.38095277898235 -1.0
71.38095277898235 -1.0
71.90753404474293 -1.0
71.90753404474293 -1.0
71.90753404474293 -1.0
71.90753404474293 -1.0
76.37013564132064 -1.0
76.37013564132064 -1.0
76.37013564132064 -1.0
77.86058925002946 -1.0
77.86058925002946 -1.0
85.6764807563657 -1.0
90.0064689569036 -1.0
90.0064689569036 -1.0
94.19809611182959 -1.0
94.19809611182959 -1.0
101.55166814839836 -1.0
107.92013995187376 -1.0
107.92013995187376 -1.0
107.92013995187376 -1.0
108.90778151242858 -1.0
108.90778151242858 -1.0
108.90778151242858 -1.0
108.90778151242858 -1.0
110.34209301803999 -1.0
110.34209301803999 -1.0
110.34209301803999 -1.0
110.34209301803999 -1.0
122.80424446151366 -1.0
122.80424446151366 -1.0
129.16381502123522 -1.0
133.6875492235613 -1.0
133.6875492235613 -1.0
148.28626021420808 -1.0
149.6669635294214 -1.0
149.6669635294214 -1.0
149.6669635294214 -1.0
149.6669635294214 -1.0
171.0018607887571 -1.0
175.59166497399667 -1.0
175.59166497399667 -1.0
175.59166497399667 -1.0
177.53004508920267 -1.0
180.02986268392368 -1.0
180.02986268392368 -1.0
180.02986268392368 -1.0
180.02986268392368 -1.0
197.87877101068628 -1.0
197.87877101068628 -1.0
217.19744216537816 -1.0
217.19744216537816 -1.0
235.51881772916158 -1.0
235.51881772916158 -1.0
235.51881772916158 -1.0
235.51881772916158 -1.0
237.82119088342495 -1.0
237.82119088342495 -1.0
246.7502204237965 -1.0
247.17490076110178 -1.0
247.17490076110178 -1.0
247.17490076110178 -1.0
263.11715181959323 -1.0
314.8675948552092 -1.0
314.8675948552092 -1.0
314.8675948552092 -1.0
314.8675948552092 -1.0
321.45691497334536 -1.0
321.56256711535445 -1.0
321.56256711535445 -1.0
333.4096580841934 -1.0
333.4096580841934 -1.0
333.4096580841934 -1.0
352.5864827608232 -1.0
352.5864827608232 -1.0
360.3628414878718 -1.0
360.3628414878718 -1.0
368.033003977935 -1.0
368.033003977935 -1.0
368.033003977935 -1.0
399.28082605810664 -1.0
411.6156862026666 -1.0
421.842956170546 -1.0
421.842956170546 -1.0
430.52768982180805 -1.0
430.52768982180805 -1.0
433.9103445240377 -1.0
491.645451733247 -1.0
491.645451733247 -1.0
491.645451733247 -1.0
491.645451733247 -1.0
497.3616387580831 -1.0
497.3616387580831 -1.0
498.1067931131762 -1.0
498.1067931131762 -1.0
501.6052568713803 -1.0
501.6052568713803 -1.0
501.6052568713803 -1.0
501.6052568713803 -1.0
520.4695392452231 -1.0
577.7389509888924 -1.0
577.7389509888924 -1.0
581.4416050167522 -1.0
620.7251359649481 -1.0
623.8500165715625 -1.0
623.8500165715625 -1.0
623.8500165715625 -1.0
623.8500165715625 -1.0
852.8400993099121 -1.0
958.6971708327187 -1.0
958.6971708327187 -1.0
1041.649333007552 -1.0
1041.649333007552 -1.0
1052.0308990279093 -1.0
1052.0308990279093 -1.0
1072.2116603748202 -1.0
1091.3177420395364 -1.0
1091.3177420395364 -1.0
1175.449747212242 -1.0
1175.449747212242 -1.0
1223.990913107602 -1.0
1223.990913107602 -1.0
1223.990913107602 -1.0
1223.990913107602 -1.0
1232.0370800007545 -1.0
1232.0370800007545 -1.0
1310.4813047855648 -1.0
1310.4813047855648 -1.0
1310.4813047855648 -1.0
1310.4813047855648 -1.0
1334.2555964076807 -1.0
1435.3032352107407 -1.0
1435.3032352107407 -1.0
1440.1186226681764 -1.0
1440.1186226681764 -1.0
1469.4595227780403 -1.0
1533.5751333781861 -1.0
1533.5751333781861 -1.0
1552.693969856879 -1.0
32.20156325060587 -1.0
-0.8545613973530285 -1.0
25.130373505158715 -1.0
1552.693969856879 -1.0
1552.693969856879 -1.0
1552.693969856879 -1.0
1583.50618947998 -1.0
247.17490076110178 -1.0
25.57415495224808 -1.0
258.5081594652309 -1.0
