-1.0 22.615
-1.0 22.45
-1.0 22.45
-1.0 22.615
-1.0 22.329
-1.0 22.329
-1.0 22.408
-1.0 22.375
-1.0 22.375
-1.0 22.43
-64.29238117777614 -1.0
-63.68789710881325 -1.0
-63.68789710881325 -1.0
-63.68789710881325 -1.0
-60.906225661351996 -1.0
-57.56735001978599 -1.0
-52.02986892581528 -1.0
-52.02986892581528 -1.0
-48.10166493743055 -1.0
-47.5089242604759 -1.0
-47.5089242604759 -1.0
-46.87886144271025 -1.0
-42.459829966805685 -1.0
-41.15525025942418 -1.0
-41.15525025942418 -1.0
-41.15525025942418 -1.0
-41.15525025942418 -1.0
-39.445935288506384 -1.0
-39.445935288506384 -1.0
-39.445935288506384 -1.0
-39.445935288506384 -1.0
-36.83864681194547 -1.0
-34.716723027935736 -1.0
-34.716723027935736 -1.0
-34.17859124176269 -1.0
-34.17859124176269 -1.0
-33.882392380951735 -1.0
-33.61708092483594 -1.0
-33.61708092483594 -1.0
-33.10684732360217 -1.0
-33.10684732360217 -1.0
-32.75946831153406 -1.0
-32.75946831153406 -1.0
-31.38316364381038 -1.0
-30.49919539187802 -1.0
-30.49919539187802 -1.0
-30.46325020846364 -1.0
-30.46325020846364 -1.0
-30.46325020846364 -1.0
-30.46325020846364 -1.0
-30.352339771024525 -1.0
-30.352339771024525 -1.0
-30.352339771024525 -1.0
-30.352339771024525 -1.0
-30.145354407683588 -1.0
-30.145354407683588 -1.0
-28.93773055282398 -1.0
-28.93773055282398 -1.0
-28.24462994121093 -1.0
-28.24462994121093 -1.0
-27.868964845154906 -1.0
-27.504533037773847 -1.0
-27.091177188303433 -1.0
-27.091177188303433 -1.0
-27.091177188303433 -1.0
-27.091177188303433 -1.0
-27.00828538461088 -1.0
-27.00828538461088 -1.0
-27.00828538461088 -1.0
-26.856276791398987 -1.0
-26.856276791398987 -1.0
-26.838700615858677 -1.0
-26.838700615858677 -1.0
-26.83534081751272 -1.0
-26.2790419959132 -1.0
-26.2790419959132 -1.0
-25.708445137407644 -1.0
-25.618780981008438 -1.0
-25.618780981008438 -1.0
-24.693433989872837 -1.0
-24.620326750851987 -1.0
-24.620326750851987 -1.0
-24.607096361915147 -1.0
-24.607096361915147 -1.0
-24.126488708068884 -1.0
-24.0950194718058 -1.0
-23.88768757694272 -1.0
-23.88768757694272 -1.0
-23.73064816032064 -1.0
-23.382361821011763 -1.0
-23.382361821011763 -1.0
-23.29327773604391 -1.0
-23.29327773604391 -1.0
-22.898093003417454 -1.0
-22.898093003417454 -1.0
-22.713423259786993 -1.0
-22.632452877090163 -1.0
-22.632452877090163 -1.0
-22.51251978478185 -1.0
-22.51251978478185 -1.0
-22.33012441297169 -1.0
-22.33012441297169 -1.0
-22.008845761648242 -1.0
-22.008845761648242 -1.0
-22.008845761648242 -1.0
-21.57068409685825 -1.0
-21.57068409685825 -1.0
-21.29185461443622 -1.0
-21.2658224758965 -1.0
-21.2658224758965 -1.0
-21.237319911377828 -1.0
-20.877434875593956 -1.0
-20.877434875593956 -1.0
-20.817866247120342 -1.0
-20.817866247120342 -1.0
-20.78913078871743 -1.0
-20.78913078871743 -1.0
-20.311337387940277 -1.0
-20.311337387940277 -1.0
-20.17187692365695 -1.0
-20.17187692365695 -1.0
-20.098379221559483 -1.0
-20.098379221559483 -1.0
-20.08705084193902 -1.0
-20.08705084193902 -1.0
-19.940975671582343 -1.0
-19.940975671582343 -1.0
-19.806749547025525 -1.0
-19.806749547025525 -1.0
-19.804027508302084 -1.0
-19.784311912667256 -1.0
-19.784311912667256 -1.0
-19.269175717837317 -1.0
-19.269175717837317 -1.0
-19.02326657681297 -1.0
-19.007320218984418 -1.0
-18.42915048014874 -1.0
-18.42915048014874 -1.0
-18.338439418028187 -1.0
-18.338439418028187 -1.0
-18.24968444201481 -1.0
-18.24968444201481 -1.0
-18.07944872367659 -1.0
-18.067928941673724 -1.0
-17.890346684447188 -1.0
-17.890346684447188 -1.0
-17.849854461718486 -1.0
-17.849854461718486 -1.0
-17.669450482655375 -1.0
-17.614468063873638 -1.0
-17.614468063873638 -1.0
-17.614468063873638 -1.0
-17.381531812889996 -1.0
-17.031897290865064 -1.0
-17.031897290865064 -1.0
-17.02292222777402 -1.0
-17.012396479856044 -1.0
-16.738413333863946 -1.0
-16.676930752062155 -1.0
-16.676930752062155 -1.0
-16.676930752062155 -1.0
-16.676930752062155 -1.0
-16.406309370185042 -1.0
-16.406309370185042 -1.0
-16.406309370185042 -1.0
-16.406309370185042 -1.0
-16.406309370185042 -1.0
-16.406309370185042 -1.0
-16.406309370185042 -1.0
-16.387112456271048 -1.0
-16.37326022401178 -1.0
-16.37326022401178 -1.0
-16.37326022401178 -1.0
-16.37326022401178 -1.0
-16.156354184713738 -1.0
-16.156354184713738 -1.0
-15.974127587881746 -1.0
-15.7278419410335 -1.0
-15.7278419410335 -1.0
-15.671661666529651 -1.0
-15.671661666529651 -1.0
-15.671661666529651 -1.0
-15.671661666529651 -1.0
-15.546579076866202 -1.0
-15.546579076866202 -1.0
-15.530021625444519 -1.0
-15.530021625444519 -1.0
-15.513956837333081 -1.0
-15.513956837333081 -1.0
-15.398968317050235 -1.0
-15.168086908220888 -1.0
-15.145595766712727 -1.0
-15.145595766712727 -1.0
-15.145595766712727 -1.0
-15.145595766712727 -1.0
-15.145595766712727 -1.0
-15.145595766712727 -1.0
-15.01663384030561 -1.0
-15.01663384030561 -1.0
-14.863914093885848 -1.0
-14.863914093885848 -1.0
-14.779594712495566 -1.0
-14.671475663790613 -1.0
-14.671475663790613 -1.0
-14.537962493732302 -1.0
-14.537962493732302 -1.0
-14.483910883844679 -1.0
-14.483910883844679 -1.0
-14.389085181879416 -1.0
-14.340268848722813 -1.0
-14.340268848722813 -1.0
-14.330012315288759 -1.0
-14.330012315288759 -1.0
-14.330012315288759 -1.0
-14.330012315288759 -1.0
-14.280294375902407 -1.0
-14.280294375902407 -1.0
-13.994909294805176 -1.0
-13.92804613343222 -1.0
-13.92804613343222 -1.0
-13.7435644407242 -1.0
-13.7435644407242 -1.0
-13.404994388013758 -1.0
-13.36715548440512 -1.0
-13.36715548440512 -1.0
-13.285457483765471 -1.0
-13.252666306688592 -1.0
-13.252666306688592 -1.0
-13.252666306688592 -1.0
-13.252666306688592 -1.0
-13.081351659640232 -1.0
-13.081351659640232 -1.0
-12.85989841648194 -1.0
-12.80638739328379 -1.0
-12.651469160388068 -1.0
-12.651469160388068 -1.0
-12.617673087587773 -1.0
-12.379448867314014 -1.0
-12.336385519804075 -1.0
-12.336385519804075 -1.0
-12.305464851227406 -1.0
-12.305464851227406 -1.0
-12.305464851227406 -1.0
-12.305464851227406 -1.0
-12.036583473224143 -1.0
-11.978890722418186 -1.0
-11.91252342579673 -1.0
-11.91252342579673 -1.0
-11.875921020546222 -1.0
-11.864478814671436 -1.0
-11.864478814671436 -1.0
-11.850923590963557 -1.0
-11.79613279069526 -1.0
-11.79613279069526 -1.0
-11.742777273882455 -1.0
-11.703801668026559 -1.0
-11.703801668026559 -1.0
-11.684573472990484 -1.0
-11.684573472990484 -1.0
-11.601155402817218 -1.0
-11.219683859568391 -1.0
-11.219683859568391 -1.0
-11.198275433049757 -1.0
-11.198275433049757 -1.0
-11.198275433049757 -1.0
-11.198275433049757 -1.0
-11.159104117119988 -1.0
-11.159104117119988 -1.0
-11.106526252757979 -1.0
-11.097236147605736 -1.0
-11.055558516387453 -1.0
-11.055558516387453 -1.0
-10.99176283663519 -1.0
-10.934078231743184 -1.0
-10.934078231743184 -1.0
-10.900988323970473 -1.0
-10.851555479055564 -1.0
-10.804225655535493 -1.0
-10.676469237223342 -1.0
-10.657241736475598 -1.0
-10.657241736475598 -1.0
-10.636074747443848 -1.0
-10.580147515248088 -1.0
-10.512449707077085 -1.0
-10.43200656351934 -1.0
-10.43200656351934 -1.0
-10.390720562559615 -1.0
-10.390720562559615 -1.0
-10.28977985257228 -1.0
-10.283864512624977 -1.0
-10.262700132202884 -1.0
-10.056705314788744 -1.0
-10.04594259444374 -1.0
-10.04594259444374 -1.0
-10.04594259444374 -1.0
-10.04594259444374 -1.0
-10.014968994126347 -1.0
-10.014968994126347 -1.0
-9.812498191842668 -1.0
-9.812498191842668 -1.0
-9.812498191842668 -1.0
-9.812498191842668 -1.0
-9.810253157174287 -1.0
-9.661910848316491 -1.0
-9.661910848316491 -1.0
-9.604182650030786 -1.0
-9.604182650030786 -1.0
-9.475931654720643 -1.0
-9.475931654720643 -1.0
-9.454552150895507 -1.0
-9.454552150895507 -1.0
-9.406986590068525 -1.0
-9.406986590068525 -1.0
-9.363764312241859 -1.0
-9.363764312241859 -1.0
-9.363764312241859 -1.0
-9.363764312241859 -1.0
-9.301028909282579 -1.0
-9.301028909282579 -1.0
-9.301028909282579 -1.0
-9.301028909282579 -1.0
-9.249821569302378 -1.0
-9.249821569302378 -1.0
-9.108466789012947 -1.0
-9.108466789012947 -1.0
-9.095869101419789 -1.0
-9.095869101419789 -1.0
-9.095869101419789 -1.0
-9.095869101419789 -1.0
-8.965179227462611 -1.0
-8.965179227462611 -1.0
-8.965179227462611 -1.0
-8.965179227462611 -1.0
-8.907763967136301 -1.0
-8.907763967136301 -1.0
-8.906522886391965 -1.0
-8.842945665348607 -1.0
-8.842945665348607 -1.0
-8.807506487723959 -1.0
-8.807506487723959 -1.0
-8.760882845584465 -1.0
-8.760882845584465 -1.0
-8.625958607376845 -1.0
-8.625958607376845 -1.0
-8.606381324853624 -1.0
-8.606381324853624 -1.0
-8.606098632648514 -1.0
-8.497755752951154 -1.0
-8.418840580349446 -1.0
-8.418840580349446 -1.0
-8.398549577386754 -1.0
-8.398549577386754 -1.0
-8.30536494669907 -1.0
-8.30536494669907 -1.0
-8.278757333484194 -1.0
-8.278757333484194 -1.0
-8.206012442284452 -1.0
-8.206012442284452 -1.0
-8.124253404633283 -1.0
-8.124253404633283 -1.0
-8.122638566253901 -1.0
-8.096981071613365 -1.0
-8.096981071613365 -1.0
-8.07773423809434 -1.0
-8.07773423809434 -1.0
-8.07773423809434 -1.0
-8.07773423809434 -1.0
-8.032189455554011 -1.0
-8.032189455554011 -1.0
-7.917250077826061 -1.0
-7.911271606885431 -1.0
-7.8864029062698515 -1.0
-7.8864029062698515 -1.0
-7.874325584867383 -1.0
-7.874325584867383 -1.0
-7.874325584867383 -1.0
-7.874325584867383 -1.0
-7.6994981590404326 -1.0
-7.6994981590404326 -1.0
-7.6994981590404326 -1.0
-7.6994981590404326 -1.0
-7.658577312016291 -1.0
-7.63689087232124 -1.0
-7.63689087232124 -1.0
-7.634481113395562 -1.0
-7.618739854065889 -1.0
-7.618739854065889 -1.0
-7.4293670233957 -1.0
-7.3094650406732065 -1.0
-7.3094650406732065 -1.0
-7.168675240290364 -1.0
-7.163771555055237 -1.0
-7.163771555055237 -1.0
-7.1344051979927885 -1.0
-7.1344051979927885 -1.0
-7.109190188262636 -1.0
-7.109190188262636 -1.0
-7.072162924716682 -1.0
-7.072162924716682 -1.0
-7.042625151237296 -1.0
-7.042625151237296 -1.0
-7.042625151237296 -1.0
-7.042625151237296 -1.0
-7.030802035836692 -1.0
-7.030802035836692 -1.0
-7.030802035836692 -1.0
-7.030802035836692 -1.0
-6.984166178884753 -1.0
-6.984166178884753 -1.0
-6.810011296965198 -1.0
-6.810011296965198 -1.0
-6.663700034202771 -1.0
-6.663700034202771 -1.0
-6.610578477653629 -1.0
-6.511724363723501 -1.0
-6.511724363723501 -1.0
-6.486134135415586 -1.0
-6.486134135415586 -1.0
-6.482078725624886 -1.0
-6.459684614626628 -1.0
-6.459684614626628 -1.0
-6.435245970689865 -1.0
-6.336513795222682 -1.0
-6.336513795222682 -1.0
-6.272520081838241 -1.0
-6.27040189561916 -1.0
-6.27040189561916 -1.0
-6.110726713260544 -1.0
-6.110726713260544 -1.0
-6.060225031111566 -1.0
-5.938211273714372 -1.0
-5.938211273714372 -1.0
-5.938211273714372 -1.0
-5.938211273714372 -1.0
-5.832965978689183 -1.0
-5.832965978689183 -1.0
-5.832965978689183 -1.0
-5.832965978689183 -1.0
-5.830940734204897 -1.0
-5.830940734204897 -1.0
-5.766586837230369 -1.0
-5.766586837230369 -1.0
-5.766586837230369 -1.0
-5.766586837230369 -1.0
-5.721819162559407 -1.0
-5.640641992189643 -1.0
-5.547219045319807 -1.0
-5.53144472690385 -1.0
-5.53144472690385 -1.0
-5.53144472690385 -1.0
-5.53144472690385 -1.0
-5.510866649208746 -1.0
-5.510866649208746 -1.0
-5.496304121216333 -1.0
-5.496304121216333 -1.0
-5.460499030397228 -1.0
-5.460499030397228 -1.0
-5.4502722164102355 -1.0
-5.401666446791273 -1.0
-5.401666446791273 -1.0
-5.329954055692488 -1.0
-5.327411068853735 -1.0
-5.327411068853735 -1.0
-5.327411068853735 -1.0
-5.327411068853735 -1.0
-5.3126230127429865 -1.0
-5.3126230127429865 -1.0
-5.3126230127429865 -1.0
-5.3126230127429865 -1.0
-5.290746474065298 -1.0
-5.290746474065298 -1.0
-5.218624331056674 -1.0
-5.218624331056674 -1.0
-5.190369974656978 -1.0
-5.190369974656978 -1.0
-5.180287848726959 -1.0
-5.180287848726959 -1.0
-5.158267586827309 -1.0
-5.158267586827309 -1.0
-5.119047024128237 -1.0
-5.118200004355504 -1.0
-5.10115726458746 -1.0
-4.964281808296753 -1.0
-4.964281808296753 -1.0
-4.905318380585981 -1.0
-4.83542348372269 -1.0
-4.83542348372269 -1.0
-4.816857964437858 -1.0
-4.5458925251006645 -1.0
-4.460499857320153 -1.0
-4.460499857320153 -1.0
-4.460499857320153 -1.0
-4.460499857320153 -1.0
-4.459883386369455 -1.0
-4.422513252686622 -1.0
-4.4013698602536975 -1.0
-4.4013698602536975 -1.0
-4.374225324559724 -1.0
-4.374225324559724 -1.0
-4.374225324559724 -1.0
