NaN 1000.0
-1.0 5.215
-1.0 5.646
-1.0 5.646
-1.0 4.104
-1.0 5.391
-1.0 5.057
-1.0 4.571
-1.0 4.613
-1.0 3.595
-31.270169785593122 -1.0
-31.270169785593122 -1.0
-30.098538716715602 -1.0
-30.098538716715602 -1.0
-27.708410227496294 -1.0
-25.945444644249996 -1.0
-24.3262155374462 -1.0
-24.3262155374462 -1.0
-23.833649611889705 -1.0
-23.51299530891437 -1.0
-23.51299530891437 -1.0
-23.51299530891437 -1.0
-23.51299530891437 -1.0
-23.4291564067729 -1.0
-22.416472905846366 -1.0
-22.399368705629712 -1.0
-22.399368705629712 -1.0
-22.399368705629712 -1.0
-22.399368705629712 -1.0
-21.893303829328136 -1.0
-21.313029309777487 -1.0
-21.313029309777487 -1.0
-21.313029309777487 -1.0
-21.313029309777487 -1.0
-21.245797972418817 -1.0
-21.245797972418817 -1.0
-21.245797972418817 -1.0
-21.245797972418817 -1.0
-20.043499353590228 -1.0
-19.976892769072826 -1.0
-18.647782027946327 -1.0
-18.647782027946327 -1.0
-18.302871212765723 -1.0
-18.236679921949545 -1.0
-18.236679921949545 -1.0
-18.04523396172004 -1.0
-18.04523396172004 -1.0
-17.623036482668148 -1.0
-17.623036482668148 -1.0
-17.623036482668148 -1.0
-17.623036482668148 -1.0
-17.58806158058728 -1.0
-17.58806158058728 -1.0
-17.58806158058728 -1.0
-17.58806158058728 -1.0
-15.846246220183664 -1.0
-15.846246220183664 -1.0
-15.611557169735539 -1.0
-13.390643467812797 -1.0
-12.899739455385326 -1.0
-12.899739455385326 -1.0
-12.899739455385326 -1.0
-12.899739455385326 -1.0
-12.827802522941315 -1.0
-12.510906561347245 -1.0
-12.084281661422457 -1.0
-10.830323323867269 -1.0
-10.330724261374323 -1.0
-10.330724261374323 -1.0
-10.330724261374323 -1.0
-10.065131452194064 -1.0
-10.065131452194064 -1.0
-9.956962156635456 -1.0
-9.956962156635456 -1.0
-9.79313446289028 -1.0
-9.79313446289028 -1.0
-9.79313446289028 -1.0
-9.65058922162375 -1.0
-9.649952398765155 -1.0
-9.649952398765155 -1.0
-9.539970266439646 -1.0
-9.539970266439646 -1.0
-9.539970266439646 -1.0
-9.539970266439646 -1.0
-9.371660072608176 -1.0
-9.357973361341744 -1.0
-9.357973361341744 -1.0
-8.541473654938946 -1.0
-8.541473654938946 -1.0
-8.525896904212551 -1.0
-8.525896904212551 -1.0
-8.315365517227214 -1.0
-8.315365517227214 -1.0
-8.086303811954625 -1.0
-8.086303811954625 -1.0
-7.674104434152932 -1.0
-7.674104434152932 -1.0
-7.559155671752844 -1.0
-7.559155671752844 -1.0
-7.559155671752844 -1.0
-7.559155671752844 -1.0
-7.559155671752844 -1.0
-7.394490916783217 -1.0
-7.394490916783217 -1.0
-7.394490916783217 -1.0
-7.394490916783217 -1.0
-7.017486751399189 -1.0
-7.017486751399189 -1.0
-6.996829048636916 -1.0
-6.996829048636916 -1.0
-6.926581503033901 -1.0
-6.926581503033901 -1.0
-6.708995082874454 -1.0
-6.708995082874454 -1.0
-6.584536981669551 -1.0
-6.470211523806084 -1.0
-6.470211523806084 -1.0
-6.470211523806084 -1.0
-6.470211523806084 -1.0
-6.289414925412959 -1.0
-6.271281229176067 -1.0
-6.21118702148725 -1.0
-5.951869678876219 -1.0
-5.88091827293151 -1.0
-5.456648556160778 -1.0
-5.390016217555308 -1.0
-5.390016217555308 -1.0
-5.367795292854052 -1.0
-5.270962051098083 -1.0
-5.270962051098083 -1.0
-5.270962051098083 -1.0
-5.238809990683494 -1.0
-5.015995867894612 -1.0
-4.65346187380018 -1.0
-4.65346187380018 -1.0
-4.65346187380018 -1.0
-4.547011183195063 -1.0
-4.547011183195063 -1.0
-4.547011183195063 -1.0
-4.547011183195063 -1.0
-4.5446339418095825 -1.0
-4.415439622040267 -1.0
-4.415439622040267 -1.0
-4.415439622040267 -1.0
-4.415439622040267 -1.0
-4.403042041934574 -1.0
-4.2571864485773805 -1.0
-4.2571864485773805 -1.0
-4.240477612920076 -1.0
-4.226773122755411 -1.0
-4.226773122755411 -1.0
-4.226773122755411 -1.0
-4.226773122755411 -1.0
-4.120427473777884 -1.0
-4.120427473777884 -1.0
-4.120427473777884 -1.0
-4.1127637252191676 -1.0
-4.0972627282179 -1.0
-5.836740629979138 -1.0
-4.0972627282179 -1.0
-4.0972627282179 -1.0
-4.0972627282179 -1.0
-4.046313639104286 -1.0
-4.044399777543451 -1.0
-4.0229269486446455 -1.0
-4.0229269486446455 -1.0
-3.933850594652979 -1.0
-3.933850594652979 -1.0
-3.933850594652979 -1.0
-3.933850594652979 -1.0
-4.463936472715044 -1.0
-3.933850594652979 -1.0
-3.933850594652979 -1.0
-3.784118968211584 -1.0
-3.784118968211584 -1.0
-3.784118968211584 -1.0
-3.784118968211584 -1.0
-3.6990265370979962 -1.0
-3.528760939034316 -1.0
-3.488652456845318 -1.0
-3.435500646400474 -1.0
-3.435500646400474 -1.0
-3.435500646400474 -1.0
-4.044399777543451 -1.0
-3.428946929877813 -1.0
-3.394372794780127 -1.0
-3.3644143333124594 -1.0
-3.3327460894920495 -1.0
-3.2687590079917372 -1.0
-3.1353367194069115 -1.0
-2.9981673247049994 -1.0
-2.9981673247049994 -1.0
-2.9981673247049994 -1.0
-2.935410090176549 -1.0
-2.935410090176549 -1.0
-2.9001585802500385 -1.0
-2.9001585802500385 -1.0
-2.9001585802500385 -1.0
-2.9001585802500385 -1.0
-2.890065642342024 -1.0
-2.890065642342024 -1.0
-2.890065642342024 -1.0
-2.8547241362722198 -1.0
-2.8547241362722198 -1.0
-4.226773122755411 -1.0
-2.8547241362722198 -1.0
-2.849345091249349 -1.0
-2.849345091249349 -1.0
-2.849345091249349 -1.0
-2.849345091249349 -1.0
-4.463936472715044 -1.0
-2.849345091249349 -1.0
-2.849345091249349 -1.0
-2.849345091249349 -1.0
-2.7771775887797836 -1.0
-2.7771775887797836 -1.0
-2.763309005288904 -1.0
-2.7411992906908758 -1.0
-2.666918755376418 -1.0
-2.6470728109825674 -1.0
-2.5895167587247947 -1.0
-2.5895167587247947 -1.0
-2.5895167587247947 -1.0
-2.540481371534004 -1.0
-2.540481371534004 -1.0
-2.4733507217329977 -1.0
-2.4733507217329977 -1.0
-2.4541027853102158 -1.0
-2.4541027853102158 -1.0
-2.44536486016787 -1.0
-2.44536486016787 -1.0
-2.44536486016787 -1.0
-2.417433208085944 -1.0
-2.417433208085944 -1.0
-2.4152565929581127 -1.0
-2.4152565929581127 -1.0
-2.414462235745779 -1.0
-2.414462235745779 -1.0
-2.414462235745779 -1.0
-2.414462235745779 -1.0
-2.3892214186701493 -1.0
-2.3892214186701493 -1.0
-2.2536418914062177 -1.0
-2.2536418914062177 -1.0
-2.2536418914062177 -1.0
-2.1536449358451755 -1.0
-2.1536449358451755 -1.0
-2.1536449358451755 -1.0
-2.1536449358451755 -1.0
-2.1536449358451755 -1.0
-2.1536449358451755 -1.0
-2.1451709658867273 -1.0
-2.1319065628711473 -1.0
-2.1319065628711473 -1.0
-2.0759505526438677 -1.0
-1.9810797666025706 -1.0
-1.9767283479262403 -1.0
-1.9767283479262403 -1.0
-1.9541657981070253 -1.0
-1.9541657981070253 -1.0
-1.9541657981070253 -1.0
-1.9541657981070253 -1.0
-1.8894247230624452 -1.0
-1.8894247230624452 -1.0
-1.8894247230624452 -1.0
-1.8894247230624452 -1.0
-1.8711217344403828 -1.0
-1.8711217344403828 -1.0
-1.848113038422425 -1.0
-1.7544154624454333 -1.0
-1.7544154624454333 -1.0
-1.7544154624454333 -1.0
-1.7155770822606864 -1.0
-1.7155770822606864 -1.0
-1.6871182152414392 -1.0
-1.5512049941771768 -1.0
-1.5334219519262287 -1.0
-1.4850968547759706 -1.0
-1.4775291986693782 -1.0
-1.4775291986693782 -1.0
-1.4727460884429375 -1.0
-1.4727460884429375 -1.0
-1.4727460884429375 -1.0
-1.4727460884429375 -1.0
-1.4727460884429375 -1.0
-1.4483101358518917 -1.0
-1.4483101358518917 -1.0
-1.4149752334049583 -1.0
-1.4149752334049583 -1.0
-1.4149752334049583 -1.0
-1.3938919048577736 -1.0
-1.3938919048577736 -1.0
-1.323763855151876 -1.0
-1.2875748674387903 -1.0
-1.2875748674387903 -1.0
-1.2671616614678238 -1.0
-1.2671616614678238 -1.0
-1.2671616614678238 -1.0
-1.1875491541943022 -1.0
-1.1491885955769114 -1.0
-1.0809714180162138 -1.0
-1.0809714180162138 -1.0
-1.0784101321592747 -1.0
-1.0526366002733618 -1.0
-1.0526366002733618 -1.0
-1.0244805829981949 -1.0
-0.9712049186036205 -1.0
-0.9712049186036205 -1.0
-0.9711529404604009 -1.0
-0.9711529404604009 -1.0
-0.9599935182943412 -1.0
-0.9599935182943412 -1.0
-0.9524853232434198 -1.0
-0.9417845223026212 -1.0
-0.937639336494918 -1.0
-0.937639336494918 -1.0
-0.8652948300061631 -1.0
-0.8652948300061631 -1.0
-0.8647980501563334 -1.0
-0.8647980501563334 -1.0
-0.8647980501563334 -1.0
-0.85691965207276 -1.0
-0.8396736672842688 -1.0
-0.8319237972729271 -1.0
-0.8319237972729271 -1.0
-0.818520562310213 -1.0
-0.818520562310213 -1.0
-0.8079259946542472 -1.0
-0.7599911483326136 -1.0
-0.7599911483326136 -1.0
-0.7419785062244749 -1.0
-0.7419785062244749 -1.0
-0.7419785062244749 -1.0
-0.7396963663032974 -1.0
-0.72368432578284 -1.0
-0.72368432578284 -1.0
-0.7236786368862116 -1.0
-0.7236786368862116 -1.0
-0.7114015554107503 -1.0
-0.7114015554107503 -1.0
-0.7084931058315819 -1.0
-0.7061357645653422 -1.0
-0.7033833676842194 -1.0
-0.7033833676842194 -1.0
-0.7033833676842194 -1.0
-0.6914307282961965 -1.0
-0.6914307282961965 -1.0
-0.6617735217890197 -1.0
-0.6617735217890197 -1.0
-0.6617735217890197 -1.0
-0.5814404664466558 -1.0
-0.5814404664466558 -1.0
-0.5621916931360638 -1.0
-0.5621916931360638 -1.0
-0.5621916931360638 -1.0
-0.5621916931360638 -1.0
-0.4978307069370122 -1.0
-0.4613153769701239 -1.0
-0.4613153769701239 -1.0
1.0552666459934525 -1.0
1.0552666459934525 -1.0
1.0552666459934525 -1.0
1.0552666459934525 -1.0
1.6621687233328442 -1.0
1.6621687233328442 -1.0
1.6621687233328442 -1.0
1.6621687233328442 -1.0
2.194851006457407 -1.0
2.194851006457407 -1.0
2.194851006457407 -1.0
2.194851006457407 -1.0
2.237179771981674 -1.0
2.237179771981674 -1.0
2.237179771981674 -1.0
2.237179771981674 -1.0
2.237179771981674 -1.0
2.237179771981674 -1.0
4.514157357213642 -1.0
5.265428975690031 -1.0
5.265428975690031 -1.0
7.823988682654999 -1.0
7.823988682654999 -1.0
8.430103602841015 -1.0
8.710103917476005 -1.0
9.866387179578883 -1.0
11.433560535955293 -1.0
11.433560535955293 -1.0
12.03676583616782 -1.0
13.851095546534207 -1.0
13.851095546534207 -1.0
14.550264111593524 -1.0
14.550264111593524 -1.0
18.611170570255215 -1.0
18.611170570255215 -1.0
18.75319108305697 -1.0
19.48539851736688 -1.0
19.48539851736688 -1.0
19.91434438637113 -1.0
20.29993701486099 -1.0
23.12556537044886 -1.0
23.12556537044886 -1.0
23.99385940743789 -1.0
23.99385940743789 -1.0
25.426974454898122 -1.0
26.01678079021922 -1.0
26.01678079021922 -1.0
27.771835249337762 -1.0
27.771835249337762 -1.0
28.48062291000364 -1.0
29.466289434388468 -1.0
29.964725829431234 -1.0
29.964725829431234 -1.0
30.08831694283353 -1.0
30.08831694283353 -1.0
30.536075182345012 -1.0
31.236292846594502 -1.0
31.236292846594502 -1.0
34.3441634785565 -1.0
34.3441634785565 -1.0
34.3441634785565 -1.0
34.3441634785565 -1.0
35.629610227309435 -1.0
35.629610227309435 -1.0
38.11205573242757 -1.0
39.314414696672685 -1.0
39.314414696672685 -1.0
39.314414696672685 -1.0
39.314414696672685 -1.0
43.41104759853617 -1.0
43.41104759853617 -1.0
43.41104759853617 -1.0
43.41104759853617 -1.0
43.889141397854246 -1.0
43.889141397854246 -1.0
44.66323475641377 -1.0
44.66323475641377 -1.0
48.51010699607684 -1.0
48.51010699607684 -1.0
55.43457203647333 -1.0
55.43457203647333 -1.0
55.43457203647333 -1.0
55.43457203647333 -1.0
67.72556339547303 -1.0
67.72556339547303 -1.0
67.72556339547303 -1.0
67.72556339547303 -1.0
88.73589160423174 -1.0
88.73589160423174 -1.0
91.42283061168793 -1.0
91.42283061168793 -1.0
98.98070294192915 -1.0
138.11470644803376 -1.0
150.04366019349325 -1.0
150.04366019349325 -1.0
161.60918822285197 -1.0
161.60918822285197 -1.0
163.06049402066625 -1.0
163.06049402066625 -1.0
163.09097637785018 -1.0
170.47682432739109 -1.0
170.47682432739109 -1.0
170.47682432739109 -1.0
170.47682432739109 -1.0
173.68077016442462 -1.0
173.68077016442462 -1.0
173.94105453787765 -1.0
175.47855619963633 -1.0
175.47855619963633 -1.0
181.69313898265796 -1.0
195.62983685225453 -1.0
195.62983685225453 -1.0
198.8440723837261 -1.0
198.8440723837261 -1.0
203.4649490781724 -1.0
206.42330186651643 -1.0
206.42330186651643 -1.0
206.42330186651643 -1.0
250.2604860430357 -1.0
281.68957537237316 -1.0
289.7088417683025 -1.0
289.7088417683025 -1.0
321.764025464559 -1.0
321.764025464559 -1.0
341.92869934773506 -1.0
341.92869934773506 -1.0
358.3651811746857 -1.0
358.3651811746857 -1.0
358.3651811746857 -1.0
358.3651811746857 -1.0
367.5663444466074 -1.0
203.4649490781724 -1.0
389.53113988940225 -1.0
-1.4727460884429375 -1.0
19.91434438637113 -1.0
390.64907342252803 -1.0
390.64907342252803 -1.0
30.536075182345012 -1.0
29.466289434388468 -1.0
-2.621045754966664 -1.0
390.64907342252803 -1.0
