-1.0 26.326
-1.0 26.326
-1.0 26.241
-1.0 26.241
-1.0 26.364
-1.0 26.364
-1.0 26.383
-1.0 26.383
-1.0 26.388
-1.0 19.93
-64.84440734602217 -1.0
-64.84440734602217 -1.0
-64.84440734602217 -1.0
-64.84440734602217 -1.0
-53.08861281728852 -1.0
-50.10559129899593 -1.0
-50.10559129899593 -1.0
-46.847826751064865 -1.0
-46.847826751064865 -1.0
-45.932346057919894 -1.0
-45.932346057919894 -1.0
-45.932346057919894 -1.0
-45.932346057919894 -1.0
-44.21062041723603 -1.0
-38.335639183748306 -1.0
-38.335639183748306 -1.0
-38.04844216606719 -1.0
-38.04844216606719 -1.0
-36.84515710056619 -1.0
-36.84515710056619 -1.0
-36.71065947236044 -1.0
-36.71065947236044 -1.0
-36.55355153682743 -1.0
-35.771866349525695 -1.0
-35.771866349525695 -1.0
-34.12257358537608 -1.0
-34.12257358537608 -1.0
-33.72978417304673 -1.0
-33.72978417304673 -1.0
-32.86480497749726 -1.0
-32.86480497749726 -1.0
-32.86480497749726 -1.0
-32.86480497749726 -1.0
-32.77292616034515 -1.0
-30.60484186422405 -1.0
-30.60484186422405 -1.0
-30.478265243896885 -1.0
-30.249842824517586 -1.0
-30.249842824517586 -1.0
-29.688339239273084 -1.0
-29.688339239273084 -1.0
-29.370865926548618 -1.0
-29.370865926548618 -1.0
-28.590362492799642 -1.0
-28.590362492799642 -1.0
-27.92104550786634 -1.0
-27.92104550786634 -1.0
-27.913775102661376 -1.0
-27.913775102661376 -1.0
-27.695695220426508 -1.0
-27.695695220426508 -1.0
-26.75243291554426 -1.0
-26.75243291554426 -1.0
-26.75243291554426 -1.0
-26.75243291554426 -1.0
-26.442804799615445 -1.0
-26.442804799615445 -1.0
-25.41632637663352 -1.0
-25.41632637663352 -1.0
-25.36684447145984 -1.0
-25.36684447145984 -1.0
-24.092116301028746 -1.0
-24.092116301028746 -1.0
-24.092116301028746 -1.0
-23.597675150771654 -1.0
-23.597675150771654 -1.0
-23.07764222943126 -1.0
-23.07764222943126 -1.0
-23.07764222943126 -1.0
-23.07764222943126 -1.0
-22.75129668526118 -1.0
-22.65581570155822 -1.0
-22.65581570155822 -1.0
-22.65581570155822 -1.0
-22.65581570155822 -1.0
-21.533592182564732 -1.0
-21.533592182564732 -1.0
-21.512367671104837 -1.0
-21.512367671104837 -1.0
-21.35326928670202 -1.0
-21.35326928670202 -1.0
-21.35326928670202 -1.0
-21.35326928670202 -1.0
-20.95782558679901 -1.0
-20.28024056546119 -1.0
-20.28024056546119 -1.0
-20.006373637617394 -1.0
-20.006373637617394 -1.0
-19.88513158493444 -1.0
-19.88513158493444 -1.0
-19.82907686533406 -1.0
-19.5320385564141 -1.0
-19.530160545494578 -1.0
-18.846427649608053 -1.0
-18.413850808039136 -1.0
-18.413850808039136 -1.0
-18.20950745975476 -1.0
-18.038895768786798 -1.0
-17.86484583886346 -1.0
-17.86484583886346 -1.0
-17.597840480168312 -1.0
-17.597840480168312 -1.0
-17.17010778448515 -1.0
-17.17010778448515 -1.0
-17.12492813939813 -1.0
-16.58812589735936 -1.0
-16.58812589735936 -1.0
-16.58812589735936 -1.0
-16.58812589735936 -1.0
-16.30736516689036 -1.0
-16.226121950311384 -1.0
-16.027733320498143 -1.0
-16.027733320498143 -1.0
-16.027733320498143 -1.0
-16.027733320498143 -1.0
-15.151869724138738 -1.0
-15.151869724138738 -1.0
-14.93839786832265 -1.0
-14.93839786832265 -1.0
-14.86802470115326 -1.0
-14.86802470115326 -1.0
-14.86802470115326 -1.0
-14.823875479975628 -1.0
-14.823875479975628 -1.0
-14.505209063171378 -1.0
-14.505209063171378 -1.0
-13.734072206223129 -1.0
-13.734072206223129 -1.0
-13.719387188600242 -1.0
-13.719387188600242 -1.0
-13.713960622830058 -1.0
-13.713960622830058 -1.0
-13.673426223864968 -1.0
-13.673426223864968 -1.0
-13.673426223864968 -1.0
-13.673426223864968 -1.0
-13.581527595340832 -1.0
-13.581527595340832 -1.0
-13.369582114718662 -1.0
-13.369582114718662 -1.0
-13.107973650514863 -1.0
-13.107973650514863 -1.0
-12.97805675867676 -1.0
-12.97805675867676 -1.0
-12.952320037420055 -1.0
-12.952320037420055 -1.0
-12.952320037420055 -1.0
-12.952320037420055 -1.0
-12.81144524440246 -1.0
-12.81144524440246 -1.0
-12.756445178264741 -1.0
-12.756445178264741 -1.0
-12.688903882608116 -1.0
-12.688903882608116 -1.0
-12.684161310244624 -1.0
-12.684161310244624 -1.0
-12.343501388727596 -1.0
-12.343501388727596 -1.0
-12.139651338318512 -1.0
-11.983005699847194 -1.0
-11.983005699847194 -1.0
-11.791059541673071 -1.0
-11.699916173857819 -1.0
-11.395535351811054 -1.0
-11.395535351811054 -1.0
-11.248958329261056 -1.0
-11.248958329261056 -1.0
-10.988769105880682 -1.0
-10.988769105880682 -1.0
-10.908743998912328 -1.0
-10.908743998912328 -1.0
-10.817178915263618 -1.0
-10.749675692891026 -1.0
-10.693861230947677 -1.0
-10.693861230947677 -1.0
-10.65751526972265 -1.0
-10.65751526972265 -1.0
-10.398248556639968 -1.0
-10.398248556639968 -1.0
-10.179059504260348 -1.0
-10.179059504260348 -1.0
-9.955630060342084 -1.0
-9.951127012469374 -1.0
-9.951127012469374 -1.0
-9.949472432582915 -1.0
-9.949472432582915 -1.0
-9.760273923824368 -1.0
-9.760273923824368 -1.0
-9.733095892390722 -1.0
-9.593190010592574 -1.0
-9.593190010592574 -1.0
-9.517887266576412 -1.0
-9.517887266576412 -1.0
-9.394963906062586 -1.0
-9.394963906062586 -1.0
-9.394963906062586 -1.0
-9.342230565062343 -1.0
-9.342230565062343 -1.0
-9.142080988209868 -1.0
-9.142080988209868 -1.0
-9.142080988209868 -1.0
-9.142080988209868 -1.0
-8.69089025527864 -1.0
-8.64986373783152 -1.0
-8.64986373783152 -1.0
-8.516064183392546 -1.0
-8.516064183392546 -1.0
-8.467582973651954 -1.0
-8.467582973651954 -1.0
-8.301051343839244 -1.0
-8.301051343839244 -1.0
-8.301051343839244 -1.0
-8.301051343839244 -1.0
-8.293199055723141 -1.0
-8.293199055723141 -1.0
-8.293199055723141 -1.0
-8.293199055723141 -1.0
-8.078391198213211 -1.0
-7.935610367315392 -1.0
-7.935610367315392 -1.0
-7.86838920496226 -1.0
-7.86838920496226 -1.0
-7.730474177060021 -1.0
-7.730474177060021 -1.0
-7.5427224247529 -1.0
-7.542332236003823 -1.0
-7.429737982050556 -1.0
-7.429737982050556 -1.0
-7.356874197178931 -1.0
-7.356874197178931 -1.0
-7.356874197178931 -1.0
-7.356874197178931 -1.0
-7.29841717263046 -1.0
-7.29841717263046 -1.0
-7.29841717263046 -1.0
-7.29841717263046 -1.0
-7.182614758211344 -1.0
-7.182614758211344 -1.0
-7.0307120707307575 -1.0
-7.0307120707307575 -1.0
-6.9297394800529055 -1.0
-6.9297394800529055 -1.0
-6.9297394800529055 -1.0
-6.9297394800529055 -1.0
-6.383599442741893 -1.0
-6.380197749024047 -1.0
-6.380197749024047 -1.0
-6.380197749024047 -1.0
-6.380197749024047 -1.0
-6.374149258806122 -1.0
-6.352136514478248 -1.0
-6.352136514478248 -1.0
-6.30261913577541 -1.0
-6.30261913577541 -1.0
-6.068243906935025 -1.0
-6.068243906935025 -1.0
-6.068243906935025 -1.0
-6.068243906935025 -1.0
-5.907097362754445 -1.0
-5.907097362754445 -1.0
-5.69409091024212 -1.0
-5.69409091024212 -1.0
-5.69409091024212 -1.0
-5.69409091024212 -1.0
-5.6180146722724915 -1.0
-5.6180146722724915 -1.0
-5.617018464755542 -1.0
-5.617018464755542 -1.0
-5.280170934652325 -1.0
-5.130657522648955 -1.0
-4.9772141593066594 -1.0
-4.965228919458507 -1.0
-4.965228919458507 -1.0
-4.965228919458507 -1.0
-4.965228919458507 -1.0
-4.93406302767294 -1.0
-4.93406302767294 -1.0
-4.93406302767294 -1.0
-4.882392522148598 -1.0
-4.765896298060664 -1.0
-4.765896298060664 -1.0
-4.755735189123465 -1.0
-4.742990136304967 -1.0
-4.620656232535175 -1.0
-4.620656232535175 -1.0
-4.577675791566567 -1.0
-4.577675791566567 -1.0
-4.4099273153672405 -1.0
-4.357149646751905 -1.0
-4.357149646751905 -1.0
-4.245412172615754 -1.0
-4.245412172615754 -1.0
-4.1682864911539355 -1.0
-4.1682864911539355 -1.0
-4.003173515631614 -1.0
-3.9252958667933986 -1.0
-3.9252958667933986 -1.0
-3.8936712786174255 -1.0
-3.8936712786174255 -1.0
-3.888980432480735 -1.0
-3.888980432480735 -1.0
-3.888980432480735 -1.0
-3.888980432480735 -1.0
-3.888980432480735 -1.0
-3.888980432480735 -1.0
-3.857110402395375 -1.0
-3.857110402395375 -1.0
-3.857110402395375 -1.0
-3.80591129432181 -1.0
-3.770692374785727 -1.0
-3.7575080242093977 -1.0
-3.7575080242093977 -1.0
-3.724534084443933 -1.0
-3.724534084443933 -1.0
-3.5792757800753345 -1.0
-3.5166434772163058 -1.0
-3.437010556221715 -1.0
-3.437010556221715 -1.0
-3.417919979697551 -1.0
-3.4053745371108706 -1.0
-3.3273694589590446 -1.0
-3.3273694589590446 -1.0
-3.324100428442069 -1.0
-3.324100428442069 -1.0
-3.3038327845455067 -1.0
-3.3038327845455067 -1.0
-3.3038327845455067 -1.0
-3.1176123422300437 -1.0
-3.1176123422300437 -1.0
-3.114240791096753 -1.0
-3.075805599594453 -1.0
-3.064720821167491 -1.0
-2.902089327502594 -1.0
-2.902089327502594 -1.0
-2.902089327502594 -1.0
-2.902089327502594 -1.0
-2.8678516807542804 -1.0
-2.8678516807542804 -1.0
-2.846682388852459 -1.0
-2.846682388852459 -1.0
-2.7910330426360686 -1.0
-2.728316045127492 -1.0
-2.698665384458503 -1.0
-2.6351716921008874 -1.0
-2.6125113258527053 -1.0
-2.600194876082205 -1.0
-2.500003716300488 -1.0
-2.500003716300488 -1.0
-2.500003716300488 -1.0
-2.500003716300488 -1.0
-2.4477285546836436 -1.0
-2.4477285546836436 -1.0
-2.4097017657040394 -1.0
-2.4097017657040394 -1.0
-2.4097017657040394 -1.0
-2.4097017657040394 -1.0
-2.4078351765161328 -1.0
-2.4078351765161328 -1.0
-2.406878488268999 -1.0
-2.406878488268999 -1.0
-2.383692167574356 -1.0
-2.3710420663646015 -1.0
-2.3710420663646015 -1.0
-2.3691227603269995 -1.0
-2.3691227603269995 -1.0
-2.3365403493078882 -1.0
-2.3365403493078882 -1.0
-2.2453989317240626 -1.0
-2.2453989317240626 -1.0
-2.2453989317240626 -1.0
-2.2453989317240626 -1.0
-2.189230370403738 -1.0
-2.119023036191953 -1.0
-2.0856319801094654 -1.0
-2.0856319801094654 -1.0
-2.0856319801094654 -1.0
-2.0849176388133617 -1.0
-2.0849176388133617 -1.0
-2.0849176388133617 -1.0
-2.0849176388133617 -1.0
-2.0849176388133617 -1.0
-2.0849176388133617 -1.0
-1.988376136955013 -1.0
-1.9671119457307107 -1.0
-1.9671119457307107 -1.0
-1.9671119457307107 -1.0
-1.9671119457307107 -1.0
-1.9671119457307107 -1.0
-1.9671119457307107 -1.0
-1.9536593174377068 -1.0
-1.9536593174377068 -1.0
-1.9465019091820341 -1.0
-1.9465019091820341 -1.0
-1.9465019091820341 -1.0
-1.9465019091820341 -1.0
-1.9436663007472124 -1.0
-1.9436663007472124 -1.0
-1.9436663007472124 -1.0
-1.938051758355656 -1.0
-1.938051758355656 -1.0
-1.9240740116022779 -1.0
-1.9240740116022779 -1.0
-1.9240740116022779 -1.0
-1.9240740116022779 -1.0
-1.9052104065301245 -1.0
-1.9052104065301245 -1.0
-1.9052104065301245 -1.0
-1.89920386787546 -1.0
-1.8951388497066093 -1.0
-1.8951388497066093 -1.0
-1.8850575314863176 -1.0
-1.8511636756248213 -1.0
-1.8511636756248213 -1.0
-1.8511636756248213 -1.0
-1.8434444203193554 -1.0
-1.8229710498396128 -1.0
-1.8032158607061015 -1.0
-1.7155046206778286 -1.0
-1.7155046206778286 -1.0
-1.7155046206778286 -1.0
-1.7155046206778286 -1.0
-1.6991861823565186 -1.0
-1.663393439551062 -1.0
-1.663393439551062 -1.0
-1.6585245439982486 -1.0
-1.5448944084822092 -1.0
-1.5448944084822092 -1.0
-1.5401844506948277 -1.0
-1.5401844506948277 -1.0
-1.4962045350783504 -1.0
-1.4825289223980125 -1.0
-1.4825289223980125 -1.0
-1.4825289223980125 -1.0
-1.4825289223980125 -1.0
-1.426117852429123 -1.0
-1.3708013822703513 -1.0
-1.3708013822703513 -1.0
-1.3708013822703513 -1.0
-1.3708013822703513 -1.0
-1.3708013822703513 -1.0
-1.3463332570885664 -1.0
-1.3463332570885664 -1.0
-1.3231826367934034 -1.0
-1.3087090201458833 -1.0
-1.3087090201458833 -1.0
-1.3087090201458833 -1.0
-1.3087090201458833 -1.0
-1.3087090201458833 -1.0
-1.3087090201458833 -1.0
-1.3050211581816384 -1.0
-1.2951590791675192 -1.0
-1.2951590791675192 -1.0
-1.2951590791675192 -1.0
-1.2951590791675192 -1.0
-1.2951565803329506 -1.0
-1.2877168564733634 -1.0
-1.2877168564733634 -1.0
-1.2877168564733634 -1.0
-1.2877168564733634 -1.0
-1.2732948509401396 -1.0
-1.2732948509401396 -1.0
-1.2732948509401396 -1.0
-1.2732948509401396 -1.0
-1.2428605210336419 -1.0
-1.2428605210336419 -1.0
-1.2428605210336419 -1.0
-1.2428605210336419 -1.0
-1.2280051207251301 -1.0
-1.2280051207251301 -1.0
-1.211231591037834 -1.0
-1.211231591037834 -1.0
-1.1946089334443548 -1.0
-1.1946089334443548 -1.0
-1.1946089334443548 -1.0
-1.1946089334443548 -1.0
-1.1671692608769135 -1.0
-1.1671692608769135 -1.0
-1.143798561391083 -1.0
-1.143798561391083 -1.0
-1.143798561391083 -1.0
-1.143798561391083 -1.0
-1.099856496439182 -1.0
-1.099856496439182 -1.0
-1.099856496439182 -1.0
-1.099856496439182 -1.0
-1.099856496439182 -1.0
-1.0516943872341091 -1.0
-1.0516943872341091 -1.0
-1.0516943872341091 -1.0
-1.0443842427263057 -1.0
