NaN 1000.0
-1.0 21.072
-1.0 21.215
-1.0 21.215
-1.0 19.221
-1.0 19.221
-1.0 19.286
-1.0 22.884
-1.0 22.739
-1.0 22.739
-36.89426492640685 -1.0
-31.56452246029829 -1.0
-30.14953063178402 -1.0
-26.36156653648188 -1.0
-26.36156653648188 -1.0
-23.05167065262743 -1.0
-21.837183077135812 -1.0
-21.837183077135812 -1.0
-21.58308596321082 -1.0
-19.678026032948594 -1.0
-19.538041082381763 -1.0
-19.469107080865637 -1.0
-19.469107080865637 -1.0
-19.469107080865637 -1.0
-18.550136200574222 -1.0
-18.550136200574222 -1.0
-18.169655813965207 -1.0
-18.169655813965207 -1.0
-18.09620475060867 -1.0
-18.09620475060867 -1.0
-18.09620475060867 -1.0
-17.691158742900992 -1.0
-17.691158742900992 -1.0
-17.341319108728104 -1.0
-17.341319108728104 -1.0
-16.957624448145825 -1.0
-16.957624448145825 -1.0
-16.423215374289704 -1.0
-16.423215374289704 -1.0
-16.423215374289704 -1.0
-16.06256372442804 -1.0
-15.81869854931404 -1.0
-15.116531792695955 -1.0
-15.116531792695955 -1.0
-15.116531792695955 -1.0
-15.116531792695955 -1.0
-15.08257508248642 -1.0
-14.305069247261635 -1.0
-14.102960822614332 -1.0
-13.874271764884279 -1.0
-13.874271764884279 -1.0
-13.780886207464428 -1.0
-13.680346828460108 -1.0
-13.38382894334267 -1.0
-13.38382894334267 -1.0
-12.945099032615389 -1.0
-12.943034043694084 -1.0
-12.943034043694084 -1.0
-12.943034043694084 -1.0
-12.943034043694084 -1.0
-12.908124354853047 -1.0
-12.908124354853047 -1.0
-12.576908835455253 -1.0
-12.167061599988159 -1.0
-12.167061599988159 -1.0
-12.167061599988159 -1.0
-12.09254479964789 -1.0
-12.081421915923743 -1.0
-11.96478754183624 -1.0
-11.554585900548629 -1.0
-11.452370831412836 -1.0
-11.452370831412836 -1.0
-11.29559901216642 -1.0
-11.29559901216642 -1.0
-11.1854991703436 -1.0
-11.175029558065098 -1.0
-11.175029558065098 -1.0
-11.160568769555653 -1.0
-11.160568769555653 -1.0
-11.10712944840403 -1.0
-11.05444629884883 -1.0
-11.05444629884883 -1.0
-11.05444629884883 -1.0
-10.85638376569794 -1.0
-10.688356042212082 -1.0
-10.688356042212082 -1.0
-10.613423442401807 -1.0
-10.613423442401807 -1.0
-10.613423442401807 -1.0
-10.613423442401807 -1.0
-10.508561408920286 -1.0
-10.09889802163947 -1.0
-10.062203899764386 -1.0
-10.051949613409816 -1.0
-10.051949613409816 -1.0
-10.023606095862739 -1.0
-10.508561408920286 -1.0
-10.023606095862739 -1.0
-10.023606095862739 -1.0
-9.747098350881767 -1.0
-9.747098350881767 -1.0
-9.733103895507961 -1.0
-9.733103895507961 -1.0
-9.72014629824211 -1.0
-9.72014629824211 -1.0
-9.547136959966078 -1.0
-9.387477460230905 -1.0
-9.380187789706774 -1.0
-9.380187789706774 -1.0
-9.380187789706774 -1.0
-9.362688442898904 -1.0
-9.301657688213052 -1.0
-9.301657688213052 -1.0
-9.301657688213052 -1.0
-9.301657688213052 -1.0
-9.27867074104912 -1.0
-9.117843151772092 -1.0
-8.980708368712474 -1.0
-8.88975487926008 -1.0
-8.88975487926008 -1.0
-8.807395261543595 -1.0
-8.589294645941099 -1.0
-8.589294645941099 -1.0
-8.494057533904408 -1.0
-8.494057533904408 -1.0
-8.494057533904408 -1.0
-8.494057533904408 -1.0
-8.382700236541858 -1.0
-8.31870246708649 -1.0
-8.182932620190556 -1.0
-8.020470817872825 -1.0
-8.020470817872825 -1.0
-8.020470817872825 -1.0
-8.020470817872825 -1.0
-7.308953546159661 -1.0
-7.191883648555997 -1.0
-7.182443677992617 -1.0
-6.764142173710115 -1.0
-6.549486262892016 -1.0
-6.549486262892016 -1.0
-6.549486262892016 -1.0
-6.509423340200795 -1.0
-6.509423340200795 -1.0
-6.398395479283823 -1.0
-6.382408981873711 -1.0
-6.306004884949727 -1.0
-6.178761913395763 -1.0
-6.0222979061371555 -1.0
-6.0222979061371555 -1.0
-6.0222979061371555 -1.0
-6.0222979061371555 -1.0
-6.003496223518548 -1.0
-5.765593345369335 -1.0
-5.765593345369335 -1.0
-5.595097806678318 -1.0
-5.595097806678318 -1.0
-5.595097806678318 -1.0
-5.570925322869201 -1.0
-5.570925322869201 -1.0
-5.570925322869201 -1.0
-5.532874648271319 -1.0
-5.379215317665997 -1.0
-5.379215317665997 -1.0
-5.16567196871505 -1.0
-5.103310142902604 -1.0
-5.103310142902604 -1.0
-5.069242044146668 -1.0
-4.9199784631370065 -1.0
-4.918475410203093 -1.0
-4.903410542835745 -1.0
-4.786686093826438 -1.0
-4.786686093826438 -1.0
-4.730045620814655 -1.0
-4.730045620814655 -1.0
-4.689574568427802 -1.0
-4.689574568427802 -1.0
-6.382408981873711 -1.0
-5.4115961982431475 -1.0
-4.630341798968494 -1.0
-4.630341798968494 -1.0
-4.33158245683653 -1.0
-4.33158245683653 -1.0
-4.33158245683653 -1.0
-4.113053948081939 -1.0
-4.113053948081939 -1.0
-4.113053948081939 -1.0
-6.398395479283823 -1.0
-4.113053948081939 -1.0
-4.104365902324035 -1.0
-4.089508799093702 -1.0
-4.089508799093702 -1.0
-3.8773259272907605 -1.0
-3.834345575030982 -1.0
-3.834345575030982 -1.0
-3.802264131630025 -1.0
-3.802264131630025 -1.0
-3.802264131630025 -1.0
-3.802264131630025 -1.0
-3.8015519130294635 -1.0
-3.8015519130294635 -1.0
-3.742949122641762 -1.0
-3.742949122641762 -1.0
-3.31726156134341 -1.0
-3.31726156134341 -1.0
-3.31726156134341 -1.0
-3.312243913923745 -1.0
-3.312243913923745 -1.0
-3.1919567270780753 -1.0
-3.1919567270780753 -1.0
-3.1919567270780753 -1.0
-3.1919567270780753 -1.0
-3.1641345646962327 -1.0
-3.1641345646962327 -1.0
-3.1444408718738153 -1.0
-3.1444408718738153 -1.0
-3.1444408718738153 -1.0
-3.1257234207920526 -1.0
-3.097389280313836 -1.0
-5.784349735015798 -1.0
-3.029556995807028 -1.0
-3.029556995807028 -1.0
-2.9633223444114813 -1.0
-2.8858480870348244 -1.0
-2.8858480870348244 -1.0
-2.8858480870348244 -1.0
-2.8292796681732524 -1.0
-2.799816275579821 -1.0
-2.792330332156241 -1.0
-2.772191033511773 -1.0
-2.772191033511773 -1.0
-11.10712944840403 -1.0
-2.7312539900559765 -1.0
-2.7312539900559765 -1.0
-2.7069168755280817 -1.0
-2.7069168755280817 -1.0
-2.7069168755280817 -1.0
-2.633641819445951 -1.0
-2.613403424705245 -1.0
-2.613403424705245 -1.0
-2.553575661273246 -1.0
-2.553575661273246 -1.0
-2.553575661273246 -1.0
-2.54159594271409 -1.0
-2.54159594271409 -1.0
-2.54159594271409 -1.0
-2.5349561400859897 -1.0
-2.532196087557068 -1.0
-2.272812781644524 -1.0
-2.113964188042985 -1.0
-2.070520030319126 -1.0
-2.070520030319126 -1.0
-2.070520030319126 -1.0
-2.070227301832601 -1.0
-2.070227301832601 -1.0
-2.070227301832601 -1.0
-2.070227301832601 -1.0
-2.0630255440952365 -1.0
-2.0630255440952365 -1.0
-2.028554900031395 -1.0
-2.028554900031395 -1.0
-1.9997407977928714 -1.0
-1.9997407977928714 -1.0
-1.9953298706470304 -1.0
-1.9953298706470304 -1.0
-1.975465657046994 -1.0
-1.975465657046994 -1.0
-1.9355254172894258 -1.0
-1.9355254172894258 -1.0
-1.9230170562079738 -1.0
-1.9230170562079738 -1.0
-1.873294275490156 -1.0
-1.873294275490156 -1.0
-1.8410399882724402 -1.0
-1.8410399882724402 -1.0
-1.8410399882724402 -1.0
-1.7972067727087508 -1.0
-1.7972067727087508 -1.0
-1.7972067727087508 -1.0
-1.7972067727087508 -1.0
-1.764551459447647 -1.0
-1.764551459447647 -1.0
-1.5323828125171297 -1.0
-1.4571109223715317 -1.0
-1.3885695116487888 -1.0
-1.3885695116487888 -1.0
-1.3885695116487888 -1.0
-1.3885695116487888 -1.0
-1.3612584655345612 -1.0
-1.326351496247521 -1.0
-1.326351496247521 -1.0
-1.3156219088952894 -1.0
-1.3115583578310328 -1.0
-1.3115583578310328 -1.0
-1.3115583578310328 -1.0
-1.2915765902447471 -1.0
-1.2915765902447471 -1.0
-1.2665267658834216 -1.0
-1.2029155757660386 -1.0
-1.0733992111716728 -1.0
-1.0733992111716728 -1.0
-1.0700264856389095 -1.0
-1.0700264856389095 -1.0
-1.0700264856389095 -1.0
-1.0700264856389095 -1.0
-1.0619420731382379 -1.0
-1.0619420731382379 -1.0
-1.0619420731382379 -1.0
-1.0619420731382379 -1.0
-1.0581667292966601 -1.0
-1.0123279790988793 -1.0
-1.0123279790988793 -1.0
-1.0123279790988793 -1.0
-0.9998753190829017 -1.0
-0.9998753190829017 -1.0
-0.9975218280027786 -1.0
-0.9975218280027786 -1.0
-0.9975218280027786 -1.0
-0.9975218280027786 -1.0
-0.9922567866817897 -1.0
-0.9922567866817897 -1.0
-0.9922567866817897 -1.0
-0.9716923804491621 -1.0
-0.9652986608801586 -1.0
-0.9652986608801586 -1.0
-0.9652986608801586 -1.0
-0.9219199163058887 -1.0
-0.9219199163058887 -1.0
-0.9219199163058887 -1.0
-0.9219199163058887 -1.0
-0.9095758707419845 -1.0
-0.8951204512930404 -1.0
-0.8951204512930404 -1.0
-0.8864710870230267 -1.0
-0.8864710870230267 -1.0
-0.8755289062638933 -1.0
-0.8755289062638933 -1.0
-0.8582882578452274 -1.0
-0.8582882578452274 -1.0
-0.8582882578452274 -1.0
-0.8465432544331687 -1.0
-0.8429290346918287 -1.0
-0.8429290346918287 -1.0
-0.8332055406712454 -1.0
-0.8332055406712454 -1.0
-0.7970363004299285 -1.0
-0.7970363004299285 -1.0
-0.7970363004299285 -1.0
-0.7730345582555941 -1.0
-0.7730345582555941 -1.0
-0.7730345582555941 -1.0
-0.7730345582555941 -1.0
-0.7711491698211431 -1.0
-0.7711491698211431 -1.0
-0.7585890216600956 -1.0
-0.7425251591259963 -1.0
-0.7425251591259963 -1.0
-0.7318644596782534 -1.0
-0.7318644596782534 -1.0
-0.7318644596782534 -1.0
-0.7015451496941273 -1.0
-0.6771263488275547 -1.0
-0.6771263488275547 -1.0
-0.6501483712157252 -1.0
-0.644056484872419 -1.0
-0.644056484872419 -1.0
-0.5560537425840157 -1.0
-0.5560537425840157 -1.0
-0.5560537425840157 -1.0
-0.4981817513054606 -1.0
-0.4981817513054606 -1.0
-0.4981817513054606 -1.0
-0.4981817513054606 -1.0
-0.48717199581879944 -1.0
-0.48717199581879944 -1.0
-0.48717199581879944 -1.0
-0.4844328756603241 -1.0
-0.4844328756603241 -1.0
-0.41180758549686836 -1.0
-0.41180758549686836 -1.0
-0.05345089416107052 -1.0
-0.05345089416107052 -1.0
-0.05345089416107052 -1.0
-0.05345089416107052 -1.0
-1.6341515191342637E-4 -1.0
-1.6341515191342637E-4 -1.0
0.5355412592336006 -1.0
0.5355412592336006 -1.0
0.7361310409373352 -1.0
1.0262616172868206 -1.0
1.0262616172868206 -1.0
1.3724613111741206 -1.0
1.3724613111741206 -1.0
1.5123594224506256 -1.0
3.1263948799629024 -1.0
3.1263948799629024 -1.0
4.099167350069163 -1.0
4.099167350069163 -1.0
4.731862573451105 -1.0
4.731862573451105 -1.0
5.33428507116515 -1.0
5.33428507116515 -1.0
8.725273482753932 -1.0
8.725273482753932 -1.0
8.725273482753932 -1.0
8.725273482753932 -1.0
10.361757309795916 -1.0
10.361757309795916 -1.0
10.361757309795916 -1.0
10.361757309795916 -1.0
13.056667088839188 -1.0
13.6050776585397 -1.0
13.6050776585397 -1.0
13.6050776585397 -1.0
13.6050776585397 -1.0
15.268202994818878 -1.0
15.369472541328312 -1.0
15.369472541328312 -1.0
15.369472541328312 -1.0
15.369472541328312 -1.0
15.401363835262853 -1.0
15.774435858751357 -1.0
15.774435858751357 -1.0
15.774435858751357 -1.0
15.849693359473072 -1.0
15.849693359473072 -1.0
15.849693359473072 -1.0
15.849693359473072 -1.0
18.630614042673958 -1.0
18.630614042673958 -1.0
21.76160419940643 -1.0
21.76160419940643 -1.0
23.43690464555534 -1.0
23.43690464555534 -1.0
23.97714638830755 -1.0
23.97714638830755 -1.0
25.603160318809863 -1.0
25.603160318809863 -1.0
26.386357046543626 -1.0
26.386357046543626 -1.0
26.386357046543626 -1.0
26.835960946476156 -1.0
28.458859260249984 -1.0
30.36778353807144 -1.0
31.016443079329218 -1.0
31.016443079329218 -1.0
40.318316127881516 -1.0
40.318316127881516 -1.0
40.318316127881516 -1.0
40.318316127881516 -1.0
42.3652345405317 -1.0
42.3652345405317 -1.0
44.15634984387262 -1.0
44.15634984387262 -1.0
44.15634984387262 -1.0
44.15634984387262 -1.0
44.384290235839025 -1.0
44.384290235839025 -1.0
46.87833165217043 -1.0
50.29217962549889 -1.0
51.13891473596547 -1.0
51.13891473596547 -1.0
51.13891473596547 -1.0
51.13891473596547 -1.0
52.212814389848894 -1.0
55.97447627662934 -1.0
57.10314673088063 -1.0
57.10314673088063 -1.0
58.98288892395332 -1.0
58.98288892395332 -1.0
59.15312238442773 -1.0
59.15312238442773 -1.0
59.15312238442773 -1.0
59.15312238442773 -1.0
67.99169740509555 -1.0
70.03160151134102 -1.0
75.50968893425926 -1.0
75.50968893425926 -1.0
75.50968893425926 -1.0
75.50968893425926 -1.0
79.65549957152065 -1.0
79.65549957152065 -1.0
80.27833636696498 -1.0
80.27833636696498 -1.0
80.48508718802232 -1.0
80.48508718802232 -1.0
81.88704624193957 -1.0
81.88704624193957 -1.0
81.88704624193957 -1.0
84.01713739370666 -1.0
84.99769986406152 -1.0
-0.5560537425840157 -1.0
84.99769986406152 -1.0
80.27833636696498 -1.0
90.09036073369057 -1.0
90.09036073369057 -1.0
108.89277893577689 -1.0
108.89277893577689 -1.0
108.89277893577689 -1.0
108.89277893577689 -1.0
-2.7069168755280817 -1.0
