NaN 26.848
-1.0 30.323
-1.0 30.323
-1.0 30.278
-1.0 30.278
-1.0 30.211
-1.0 30.211
-1.0 30.211
-1.0 30.211
-1.0 30.243
-1.0 30.243
-1.0 30.243
-1.0 30.243
-1.0 33.001
-1.0 33.001
-1.0 34.21
-1.0 33.16
-1.0 33.16
-1.0 33.497
-1.0 26.073
-1.0 26.073
-1.0 28.7
-1.0 28.7
-1.0 28.7
-1.0 25.505
-1.0 25.505
-1.0 25.222
-1.0 29.117
-1.0 29.117
-1.0 30.98
-1.0 30.98
-1.0 30.98
-1.0 30.424
-1.0 30.424
-1.0 26.841
-1.0 26.841
-1.0 26.841
-1.0 33.942
-1.0 30.562
-1.0 28.494
-1.0 28.494
-1.0 32.075
-1.0 30.417
-1.0 30.417
-1.0 30.417
-1.0 30.417
-1.0 29.569
-1.0 24.633
-1.0 24.633
-1.0 28.096
-1.0 28.096
-1.0 27.901
-1.0 34.45
-1.0 34.45
-1.0 27.976
-1.0 27.976
-1.0 27.561
-1.0 27.561
-1.0 27.561
-1.0 27.561
-1.0 27.89
-1.0 27.89
-1.0 27.511
-1.0 27.511
-1.0 32.623
-1.0 35.426
-1.0 28.112
-1.0 28.112
-1.0 28.112
-1.0 28.112
-1.0 32.88
-1.0 32.88
-1.0 28.689
-1.0 33.566
-1.0 33.566
-1.0 25.912
-1.0 35.268
-1.0 35.268
-1.0 29.453
-1.0 29.453
-1.0 26.299
-1.0 33.35
-1.0 33.35
-1.0 26.713
-1.0 26.713
-1.0 29.013
-1.0 30.379
-1.0 32.133
-1.0 32.133
-1.0 30.382
-1.0 30.382
-1.0 25.924
-1.0 32.874
-1.0 32.874
-1.0 31.655
-1.0 35.054
-1.0 29.265
-1.0 29.265
-1.0 36.364
-1.0 34.531
-1.0 -1.0
-1.0 -1.0
-1.0 -1.0
-1.0 -1.0
-1.0 -1.0
-1.0 -1.0
-1.0 -1.0
-1.0 -1.0
-1.0 -1.0
-1.0 -1.0
-1.0 -1.0
-1.0 -1.0
-1.0 -1.0
-1.0 -1.0
-1.0 -1.0
-1.0 -1.0
-1.0 -1.0
-1.0 -1.0
-1.0 -1.0
-1.0 -1.0
-1.0 -1.0
-1.0 -1.0
-1.0 -1.0
-1.0 -1.0
-1.0 -1.0
-1.0 -1.0
-1.0 -1.0
-1.0 -1.0
-1.0 -1.0
-1.0 -1.0
-1.0 -1.0
-1.0 -1.0
-1.0 -1.0
-1.0 -1.0
-1.0 -1.0
-1.0 -1.0
-1.0 -1.0
-1.0 -1.0
-1.0 -1.0
-1.0 -1.0
-1.0 -1.0
-1.0 -1.0
-1.0 -1.0
-1.0 -1.0
-1.0 -1.0
-1.0 -1.0
-1.0 -1.0
-1.0 -1.0
-1.0 -1.0
-1.0 -1.0
-1.0 -1.0
-1.0 -1.0
-1.0 -1.0
-1.0 -1.0
-1.0 -1.0
-1.0 -1.0
-1.0 -1.0
-1.0 -1.0
-1.0 -1.0
-1.0 -1.0
-1.0 -1.0
-1.0 -1.0
-1.0 -1.0
-1.0 -1.0
-1.0 -1.0
-1.0 -1.0
-1.0 -1.0
-1.0 -1.0
-1.0 -1.0
-1.0 -1.0
-1.0 -1.0
-1.0 -1.0
-1.0 -1.0
-1.0 -1.0
-1.0 -1.0
-1.0 -1.0
-1.0 -1.0
-1.0 -1.0
-1.0 -1.0
-1.0 -1.0
-1.0 -1.0
-1.0 -1.0
-1.0 -1.0
-1.0 -1.0
-1.0 -1.0
-1.0 -1.0
-1.0 -1.0
-1.0 -1.0
-1.0 -1.0
-1.0 -1.0
-1.0 -1.0
-1.0 -1.0
-1.0 -1.0
-1.0 -1.0
-1.0 -1.0
-1.0 -1.0
-1.0 -1.0
-1.0 -1.0
-1.0 -1.0
-1.0 -1.0
-1.0 -1.0
-1.0 -1.0
-1.0 -1.0
-1.0 -1.0
-1.0 -1.0
-1.0 -1.0
-1.0 -1.0
-1.0 -1.0
-1.0 -1.0
-1.0 -1.0
-1.0 -1.0
-1.0 -1.0
-1.0 -1.0
-1.0 -1.0
-1.0 -1.0
-1.0 -1.0
-1.0 -1.0
-1.0 -1.0
-1.0 -1.0
-1.0 -1.0
-1.0 -1.0
-1.0 -1.0
-1.0 -1.0
-1.0 -1.0
-1.0 -1.0
-1.0 -1.0
-1.0 -1.0
-1.0 -1.0
-1.0 -1.0
-1.0 -1.0
-1.0 -1.0
-1.0 -1.0
-1.0 -1.0
-1.0 -1.0
-1.0 -1.0
-1.0 -1.0
-1.0 -1.0
-1.0 -1.0
-1.0 -1.0
-1.0 -1.0
-1.0 -1.0
-1.0 -1.0
-1.0 -1.0
-1.0 -1.0
-1.0 -1.0
-1.0 -1.0
-1.0 -1.0
-1.0 -1.0
-1.0 -1.0
-1.0 -1.0
-1.0 -1.0
-1.0 -1.0
-1.0 -1.0
-1.0 -1.0
-1.0 -1.0
-1.0 -1.0
-1.0 -1.0
-1.0 -1.0
-1.0 -1.0
-1.0 -1.0
-1.0 -1.0
-1.0 -1.0
-1.0 -1.0
-1.0 -1.0
-1.0 -1.0
-1.0 -1.0
-1.0 -1.0
-1.0 -1.0
-1.0 -1.0
-1.0 -1.0
-1.0 -1.0
-1.0 -1.0
-1.0 -1.0
-1.0 -1.0
-1.0 -1.0
-1.0 -1.0
-1.0 -1.0
-1.0 -1.0
-1.0 -1.0
-1.0 -1.0
-1.0 -1.0
-1.0 -1.0
-1.0 -1.0
-1.0 -1.0
-1.0 -1.0
-1.0 -1.0
-1.0 -1.0
-1.0 -1.0
-1.0 -1.0
-1.0 -1.0
-1.0 -1.0
-1.0 -1.0
-1.0 -1.0
-1.0 -1.0
-1.0 -1.0
-1.0 -1.0
-1.0 -1.0
-1.0 -1.0
-1.0 -1.0
-1.0 -1.0
-1.0 -1.0
-1.0 -1.0
-1.0 -1.0
-1.0 -1.0
-1.0 -1.0
-1.0 -1.0
-1.0 -1.0
-1.0 -1.0
-1.0 -1.0
-1.0 -1.0
-1.0 -1.0
-1.0 -1.0
-1.0 -1.0
-1.0 -1.0
-1.0 -1.0
-1.0 -1.0
-1.0 -1.0
-1.0 -1.0
-1.0 -1.0
-1.0 -1.0
-1.0 -1.0
-1.0 -1.0
-1.0 -1.0
-1.0 -1.0
-1.0 -1.0
-1.0 -1.0
-1.0 -1.0
-1.0 -1.0
-1.0 -1.0
-1.0 -1.0
-1.0 -1.0
-1.0 -1.0
-1.0 -1.0
-1.0 -1.0
-1.0 -1.0
-1.0 -1.0
-1.0 -1.0
-1.0 -1.0
-1.0 -1.0
-1.0 -1.0
-1.0 -1.0
-1.0 -1.0
-1.0 -1.0
-1.0 -1.0
-1.0 -1.0
-1.0 -1.0
-1.0 -1.0
-1.0 -1.0
-1.0 -1.0
-1.0 -1.0
-1.0 -1.0
-1.0 -1.0
-1.0 -1.0
-1.0 -1.0
-1.0 -1.0
-1.0 -1.0
-1.0 -1.0
-1.0 -1.0
-1.0 -1.0
-1.0 -1.0
-1.0 -1.0
-1.0 -1.0
-1.0 -1.0
-1.0 -1.0
-1.0 -1.0
-1.0 -1.0
-1.0 -1.0
-1.0 -1.0
-1.0 -1.0
-1.0 -1.0
-1.0 -1.0
-1.0 -1.0
-1.0 -1.0
-1.0 -1.0
-1.0 -1.0
-1.0 -1.0
-1.0 -1.0
-1.0 -1.0
-1.0 -1.0
-1.0 -1.0
-1.0 -1.0
-1.0 -1.0
-1.0 -1.0
-1.0 -1.0
-1.0 -1.0
-1.0 -1.0
-1.0 -1.0
-1.0 -1.0
-1.0 -1.0
-1.0 -1.0
-1.0 -1.0
-1.0 -1.0
-1.0 -1.0
-1.0 -1.0
-1.0 -1.0
-1.0 -1.0
-1.0 -1.0
-1.0 -1.0
-1.0 -1.0
-1.0 -1.0
-1.0 -1.0
-1.0 -1.0
-1.0 -1.0
-1.0 -1.0
-1.0 -1.0
-1.0 -1.0
-1.0 -1.0
-1.0 -1.0
-1.0 -1.0
-1.0 -1.0
-1.0 -1.0
-1.0 -1.0
-1.0 -1.0
-1.0 -1.0
-1.0 -1.0
-1.0 -1.0
-1.0 -1.0
-1.0 -1.0
-1.0 -1.0
-1.0 -1.0
-1.0 -1.0
-1.0 -1.0
-1.0 -1.0
-1.0 -1.0
-1.0 -1.0
-1.0 -1.0
-1.0 -1.0
-1.0 -1.0
-1.0 -1.0
-1.0 -1.0
-1.0 -1.0
-1.0 -1.0
-1.0 -1.0
-1.0 -1.0
-1.0 -1.0
-1.0 -1.0
-1.0 -1.0
-1.0 -1.0
-1.0 -1.0
-1.0 -1.0
-1.0 -1.0
-1.0 -1.0
-1.0 -1.0
-1.0 -1.0
-1.0 -1.0
-1.0 -1.0
-1.0 -1.0
-1.0 -1.0
-1.0 -1.0
-1.0 -1.0
-1.0 -1.0
-1.0 -1.0
-1.0 -1.0
-1.0 -1.0
-1.0 -1.0
-1.0 -1.0
-1.0 -1.0
-1.0 -1.0
-1.0 -1.0
-1.0 -1.0
-1.0 -1.0
-1.0 -1.0
-1.0 -1.0
-1.0 -1.0
-1.0 -1.0
-1.0 -1.0
-1.0 -1.0
-1.0 -1.0
-1.0 -1.0
-1.0 -1.0
-1.0 -1.0
-1.0 -1.0
-1.0 -1.0
-1.0 -1.0
-1.0 -1.0
-1.0 -1.0
-1.0 -1.0
-1.0 -1.0
-1.0 -1.0
-1.0 -1.0
-1.0 -1.0
-1.0 -1.0
-1.0 -1.0
-1.0 -1.0
-1.0 -1.0
-1.0 -1.0
-1.0 -1.0
-1.0 -1.0
-1.0 -1.0
-1.0 -1.0
-1.0 -1.0
-1.0 -1.0
-1.0 -1.0
-1.0 -1.0
-1.0 -1.0
-1.0 -1.0
-1.0 -1.0
-1.0 -1.0
-1.0 -1.0
-1.0 -1.0
