NaN 1000.0
-1.0 27.925
-1.0 25.304
-1.0 25.354
-1.0 30.303
-1.0 30.204
-1.0 22.96
-1.0 22.96
-1.0 29.768
-1.0 30.45
-65.3942000283917 -1.0
-57.76325136040701 -1.0
-47.08992241163271 -1.0
-47.08992241163271 -1.0
-47.0542808401441 -1.0
-46.50859964476699 -1.0
-46.50859964476699 -1.0
-43.13228513681153 -1.0
-42.77370407873496 -1.0
-41.70344601160592 -1.0
-40.034951132042096 -1.0
-40.034951132042096 -1.0
-39.90036045284422 -1.0
-37.90291654718057 -1.0
-34.57000943404093 -1.0
-33.42550065834226 -1.0
-33.42550065834226 -1.0
-33.2171437529967 -1.0
-32.997623348216486 -1.0
-31.851340841933535 -1.0
-31.43975706232587 -1.0
-31.38118905619501 -1.0
-29.565065829430516 -1.0
-29.32893157831356 -1.0
-29.32893157831356 -1.0
-28.60563426090242 -1.0
-28.53518572000434 -1.0
-28.441754143728208 -1.0
-27.03861855995668 -1.0
-26.99816823079558 -1.0
-26.99816823079558 -1.0
-26.787246799150232 -1.0
-26.4728687638018 -1.0
-26.4728687638018 -1.0
-25.982611687394158 -1.0
-25.666222675486527 -1.0
-25.666222675486527 -1.0
-25.666222675486527 -1.0
-25.608745060860272 -1.0
-24.667592050314887 -1.0
-24.497474622473373 -1.0
-24.497474622473373 -1.0
-24.265963670875646 -1.0
-24.265963670875646 -1.0
-24.265963670875646 -1.0
-24.263174072632225 -1.0
-23.685999285417914 -1.0
-23.685999285417914 -1.0
-23.35870913253015 -1.0
-23.258625956431672 -1.0
-23.258625956431672 -1.0
-23.11564753031616 -1.0
-23.054847660790035 -1.0
-22.601788446193016 -1.0
-22.182970921260004 -1.0
-22.00792149084032 -1.0
-21.88705147039417 -1.0
-21.546033310757224 -1.0
-21.11179527835037 -1.0
-20.87400315161332 -1.0
-20.616248733485133 -1.0
-20.616248733485133 -1.0
-20.408292024045938 -1.0
-20.408292024045938 -1.0
-20.408292024045938 -1.0
-19.969074067149645 -1.0
-19.969074067149645 -1.0
-19.854125836038467 -1.0
-19.854125836038467 -1.0
-19.72627546553498 -1.0
-18.313366749737522 -1.0
-17.671870930788153 -1.0
-17.671870930788153 -1.0
-17.312708917263915 -1.0
-16.781765804375038 -1.0
-16.51719937274775 -1.0
-16.51719937274775 -1.0
-16.51719937274775 -1.0
-15.966110028057855 -1.0
-15.930978917781868 -1.0
-15.930978917781868 -1.0
-15.930978917781868 -1.0
-15.882791384600168 -1.0
-15.882791384600168 -1.0
-15.719340748465585 -1.0
-15.719340748465585 -1.0
-15.270435894346054 -1.0
-15.270435894346054 -1.0
-15.058950456873575 -1.0
-14.817098986790693 -1.0
-14.506934037808183 -1.0
-14.506934037808183 -1.0
-14.504862084096551 -1.0
-14.2993317950887 -1.0
-14.106615303064189 -1.0
-14.071444030817787 -1.0
-13.982147821954253 -1.0
-13.968626862461747 -1.0
-13.805321060632739 -1.0
-13.805321060632739 -1.0
-13.696641911802462 -1.0
-13.410445132721389 -1.0
-13.410445132721389 -1.0
-13.396572003369426 -1.0
-13.396572003369426 -1.0
-13.13220791704664 -1.0
-13.050278352396457 -1.0
-13.050278352396457 -1.0
-12.854700515351196 -1.0
-12.854700515351196 -1.0
-12.854700515351196 -1.0
-12.854700515351196 -1.0
-12.819437084627909 -1.0
-12.771850707971144 -1.0
-12.307727959011011 -1.0
-12.299192209644112 -1.0
-12.197877811694239 -1.0
-12.0873174285546 -1.0
-12.0873174285546 -1.0
-12.00761717407923 -1.0
-11.916884964714452 -1.0
-11.854545000517742 -1.0
-18.313366749737522 -1.0
-11.854545000517742 -1.0
-11.747303372723646 -1.0
-11.295455370314496 -1.0
-11.295455370314496 -1.0
-11.295455370314496 -1.0
-11.271354675585446 -1.0
-11.232868681890945 -1.0
-11.146544457893377 -1.0
-10.992748652866347 -1.0
-10.967299756050696 -1.0
-10.967299756050696 -1.0
-10.964556459300233 -1.0
-10.64328860410187 -1.0
-10.442867910393938 -1.0
-10.442867910393938 -1.0
-10.3961189477814 -1.0
-10.3961189477814 -1.0
-10.384107198427369 -1.0
-10.384107198427369 -1.0
-10.384107198427369 -1.0
-10.3605012235621 -1.0
-10.334751663473382 -1.0
-10.329116549091092 -1.0
-10.329116549091092 -1.0
-10.329116549091092 -1.0
-10.230090412943335 -1.0
-10.230090412943335 -1.0
-10.230090412943335 -1.0
-10.006295094781052 -1.0
-9.592669499855099 -1.0
-9.592669499855099 -1.0
-9.266230182309084 -1.0
-9.266230182309084 -1.0
-9.266230182309084 -1.0
-9.266230182309084 -1.0
-9.194308807655492 -1.0
-9.124571113535598 -1.0
-9.124571113535598 -1.0
-9.091482065567588 -1.0
-9.091482065567588 -1.0
-8.996308559239894 -1.0
-8.843715174268691 -1.0
-8.835570466224823 -1.0
-8.433832257718024 -1.0
-8.241942876799897 -1.0
-8.223557226029218 -1.0
-8.212831708185087 -1.0
-8.115897479413826 -1.0
-8.0726451886429 -1.0
-8.0726451886429 -1.0
-8.037911732810331 -1.0
-8.037911732810331 -1.0
-7.864992260528337 -1.0
-7.864992260528337 -1.0
-7.779067769060866 -1.0
-7.779067769060866 -1.0
-7.724346663451662 -1.0
-7.724346663451662 -1.0
-7.6979759872250595 -1.0
-7.6979759872250595 -1.0
-7.6979759872250595 -1.0
-7.640602480048941 -1.0
-7.640602480048941 -1.0
-7.580959022743991 -1.0
-7.580959022743991 -1.0
-7.526677485207033 -1.0
-7.515365419591058 -1.0
-7.515365419591058 -1.0
-7.509540218220059 -1.0
-7.509540218220059 -1.0
-7.509540218220059 -1.0
-7.389195069655749 -1.0
-7.389195069655749 -1.0
-7.389195069655749 -1.0
-7.358427532395337 -1.0
-7.358427532395337 -1.0
-7.339036751160782 -1.0
-7.211026489526236 -1.0
-7.170563141478455 -1.0
-8.212831708185087 -1.0
-7.136057167101791 -1.0
-7.131420475316196 -1.0
-7.131420475316196 -1.0
-7.084014536789319 -1.0
-7.084014536789319 -1.0
-7.084014536789319 -1.0
-7.0743337678776195 -1.0
-7.0743337678776195 -1.0
-6.862476698094848 -1.0
-6.764800849381828 -1.0
-6.764800849381828 -1.0
-8.835570466224823 -1.0
-6.711591851480447 -1.0
-6.701177400406351 -1.0
-6.593564067808141 -1.0
-6.58992965554977 -1.0
-6.58992965554977 -1.0
-6.558161194417371 -1.0
-6.55145371254036 -1.0
-7.170563141478455 -1.0
-6.4870093539130265 -1.0
-6.4870093539130265 -1.0
-6.456260337401441 -1.0
-6.453003171858466 -1.0
-6.453003171858466 -1.0
-6.362461865360361 -1.0
-6.362461865360361 -1.0
-6.332742520179608 -1.0
-6.326591914291567 -1.0
-6.276518894551509 -1.0
-6.157510761731462 -1.0
-6.144595298884729 -1.0
-5.873028227304408 -1.0
-5.873028227304408 -1.0
-5.867659884120158 -1.0
-5.867659884120158 -1.0
-5.781023230614459 -1.0
-5.678528570126939 -1.0
-5.546298978502081 -1.0
-5.485699661500618 -1.0
-5.485699661500618 -1.0
-5.239243599603657 -1.0
-5.239243599603657 -1.0
-5.099003104703758 -1.0
-5.099003104703758 -1.0
-5.099003104703758 -1.0
-5.076734050537558 -1.0
-5.076734050537558 -1.0
-5.0205224882062325 -1.0
-5.0205224882062325 -1.0
-4.917531851418479 -1.0
-4.904484117003247 -1.0
-4.866708461391081 -1.0
-4.847326076077333 -1.0
-4.847326076077333 -1.0
-4.803467778948029 -1.0
-4.803467778948029 -1.0
-4.783027428714453 -1.0
-4.768663633771725 -1.0
-4.768663633771725 -1.0
-4.762578859318545 -1.0
-4.762578859318545 -1.0
-4.687533911347781 -1.0
-4.68586292995669 -1.0
-4.667077873842716 -1.0
-4.654513765324276 -1.0
-4.654513765324276 -1.0
-4.645058245903142 -1.0
-4.583580387752162 -1.0
-4.543018608528885 -1.0
-4.543018608528885 -1.0
-4.516002774473505 -1.0
-4.473875795666164 -1.0
-4.467922249172088 -1.0
-4.411109282693205 -1.0
-4.375229115139009 -1.0
-4.332274963826053 -1.0
-4.2352865499504775 -1.0
-4.2352865499504775 -1.0
-4.2352865499504775 -1.0
-4.225546002062802 -1.0
-4.210267252012969 -1.0
-4.210267252012969 -1.0
-4.144107499090075 -1.0
-4.144107499090075 -1.0
-4.144107499090075 -1.0
-4.125105912216666 -1.0
-4.119943966476424 -1.0
-4.119943966476424 -1.0
-4.1149517197908745 -1.0
-4.082889748291017 -1.0
-4.070947100293773 -1.0
-4.070947100293773 -1.0
-4.070947100293773 -1.0
-4.047506870941223 -1.0
-4.047506870941223 -1.0
-3.978560405227391 -1.0
-3.926222211442812 -1.0
-3.926222211442812 -1.0
-3.9054572662061107 -1.0
-3.9054572662061107 -1.0
-3.9054572662061107 -1.0
-3.9054572662061107 -1.0
-3.8935636153809763 -1.0
-3.8935636153809763 -1.0
-3.8643411658266924 -1.0
-3.8643411658266924 -1.0
-3.8067201678906835 -1.0
-3.788865711517371 -1.0
-3.788865711517371 -1.0
-3.6410553718547716 -1.0
-3.635245502438421 -1.0
-3.635245502438421 -1.0
-3.5268508288258658 -1.0
-3.494468525663524 -1.0
-3.4539337505376233 -1.0
-3.4478403312975314 -1.0
-3.4478403312975314 -1.0
-3.3643350839388653 -1.0
-3.3643350839388653 -1.0
-3.3627714029559814 -1.0
-3.354016077625521 -1.0
-3.3132491056581292 -1.0
-3.303646143425203 -1.0
-3.303646143425203 -1.0
-3.303646143425203 -1.0
-3.201009300363822 -1.0
-3.201009300363822 -1.0
-3.201009300363822 -1.0
-3.201009300363822 -1.0
-3.1723551957457934 -1.0
-3.1723551957457934 -1.0
-3.138106787868341 -1.0
-3.138106787868341 -1.0
-3.138106787868341 -1.0
-3.017870999378588 -1.0
-2.9971577595668126 -1.0
-2.9971577595668126 -1.0
-2.9397676836702735 -1.0
-2.8935178300320943 -1.0
-2.887919691861512 -1.0
-2.84464529187757 -1.0
-2.84464529187757 -1.0
-2.840675538175769 -1.0
-2.840675538175769 -1.0
-2.798570640595888 -1.0
-2.798570640595888 -1.0
-2.7696135036536735 -1.0
-2.7696135036536735 -1.0
-2.7696135036536735 -1.0
-2.757809032613319 -1.0
-2.7300984020977292 -1.0
-2.724053166091075 -1.0
-2.724053166091075 -1.0
-2.6713429499018 -1.0
-2.6713429499018 -1.0
-2.65891620703503 -1.0
-2.65891620703503 -1.0
-2.65891620703503 -1.0
-2.65891620703503 -1.0
-2.658046351580485 -1.0
-2.6142398329339023 -1.0
-2.6142398329339023 -1.0
-2.6031822287367494 -1.0
-2.5495100768641388 -1.0
-2.5495100768641388 -1.0
-2.5495100768641388 -1.0
-2.5495100768641388 -1.0
-2.5395346218601786 -1.0
-2.5395346218601786 -1.0
-2.4959574233865256 -1.0
-2.4959574233865256 -1.0
-2.4409550611623763 -1.0
-2.4409550611623763 -1.0
-2.4305465361534653 -1.0
-2.4305465361534653 -1.0
-2.4305465361534653 -1.0
-2.4106125244964898 -1.0
-2.4011652781127237 -1.0
-2.370728274514848 -1.0
-2.340426079452383 -1.0
-2.3301464015409197 -1.0
-2.3211333665547937 -1.0
-2.311250874293611 -1.0
-2.311250874293611 -1.0
-2.283961753743665 -1.0
-2.1732773281296947 -1.0
-2.1732773281296947 -1.0
-2.14309273530194 -1.0
-2.14309273530194 -1.0
-2.123668805366182 -1.0
-2.123668805366182 -1.0
-2.113542728144701 -1.0
-2.113542728144701 -1.0
-2.113542728144701 -1.0
-2.0708963873260426 -1.0
-2.0708963873260426 -1.0
-2.063648880306132 -1.0
-2.0042193747118917 -1.0
-2.0042193747118917 -1.0
-2.0042193747118917 -1.0
-2.0041073844845783 -1.0
-2.0041073844845783 -1.0
-1.9795565666164894 -1.0
-1.9742688002267952 -1.0
-1.9742688002267952 -1.0
-1.9670584349049944 -1.0
-1.9670584349049944 -1.0
-1.9531683382558642 -1.0
-1.9531683382558642 -1.0
-1.943419484535994 -1.0
-1.9342975787447094 -1.0
-1.9263553065236927 -1.0
-1.9263553065236927 -1.0
-1.8226860833430312 -1.0
-1.8126010980783211 -1.0
-1.8126010980783211 -1.0
-1.7980677749728846 -1.0
-1.7980677749728846 -1.0
-1.7972864903134365 -1.0
-1.7972864903134365 -1.0
-1.7532787534408003 -1.0
-1.714038448071563 -1.0
-1.714038448071563 -1.0
-1.7136645773395034 -1.0
-1.7136645773395034 -1.0
-1.688607320381503 -1.0
-1.688607320381503 -1.0
-1.683993307941084 -1.0
-1.683993307941084 -1.0
-1.683993307941084 -1.0
-1.5975931099054428 -1.0
-1.5975931099054428 -1.0
-1.591090863818156 -1.0
-1.591090863818156 -1.0
-1.5355897165520842 -1.0
-1.502993857498782 -1.0
-1.502993857498782 -1.0
-1.4921217624215295 -1.0
-1.4648944129607635 -1.0
-1.4648944129607635 -1.0
-1.453606307443424 -1.0
-1.434358441014263 -1.0
-1.434358441014263 -1.0
-1.4302636543727236 -1.0
-1.4302636543727236 -1.0
-1.403358841780899 -1.0
-1.403358841780899 -1.0
-1.403358841780899 -1.0
-1.403358841780899 -1.0
-1.3843047860323674 -1.0
-1.3843047860323674 -1.0
-1.3772686819795936 -1.0
-1.3772686819795936 -1.0
-1.3608256969223593 -1.0
-1.2976963010625786 -1.0
-1.2976963010625786 -1.0
-1.2824835606335416 -1.0
-1.2785404857753464 -1.0
-1.2785404857753464 -1.0
-1.2748840768593148 -1.0
-1.2748840768593148 -1.0
-1.2748840768593148 -1.0
-1.2748840768593148 -1.0
-1.2386158283860185 -1.0
-1.215342135126377 -1.0
-1.215342135126377 -1.0
-1.215342135126377 -1.0
-1.215342135126377 -1.0
-1.215342135126377 -1.0
-1.215342135126377 -1.0
-1.1702130397261914 -1.0
-1.1702130397261914 -1.0
-1.1592548404893945 -1.0
-1.135268965197411 -1.0
-1.1015255229311964 -1.0
-1.1015255229311964 -1.0
-1.1015255229311964 -1.0
-1.1015255229311964 -1.0
-1.0938483891342499 -1.0
-1.0507578571135376 -1.0
-2.063648880306132 -1.0
-1.0507578571135376 -1.0
-1.2824835606335416 -1.0
-1.0507578571135376 -1.0
-1.2386158283860185 -1.0
-1.0484670272570393 -1.0
