NaN 8.99
-37.01640328776932 11.763
-34.029172212861155 12.212
-32.334981890577765 11.777
-32.334981890577765 11.777
-29.24482720421202 11.745
-29.24482720421202 11.745
-27.389880886321734 12.775
-27.389880886321734 12.775
-27.389880886321734 12.775
-25.898366216378722 12.189
-25.506218310111507 12.302
-25.506218310111507 12.302
-23.758464489894997 11.614
-22.56894273778339 12.41
-22.56894273778339 12.41
-21.064435574260003 13.06
-18.848786219554412 11.907
-18.737439464827414 11.511
-18.737439464827414 11.511
-16.9508045557972 11.564
-16.285554137615016 12.872
-15.54096747813427 11.569
-15.54096747813427 11.569
-15.083410298794213 10.949
-14.06473242444636 12.44
-14.06473242444636 12.44
-12.663819722792582 11.656
-12.543820812179982 12.181
-12.543820812179982 12.181
-12.543820812179982 12.181
-12.540216125254933 11.42
-12.185730157921078 10.58
-12.185730157921078 10.58
-12.073638295808664 12.044
-11.965008533959407 11.529
-11.680912516216424 13.052
-11.535663076189085 10.55
-11.437045728275134 11.383
-11.437045728275134 11.383
-11.437045728275134 11.383
-11.340145902706906 11.647
-11.282693683874768 12.765
-11.282693683874768 12.765
-11.276323932362532 12.033
-11.276323932362532 12.033
-10.81214506142051 11.515
-10.335736562996866 11.676
-10.335736562996866 11.676
-10.301006710408297 11.278
-10.301006710408297 11.278
-9.868492452308477 12.568
-9.868492452308477 12.568
-9.813947066727957 11.988
-9.813947066727957 11.983
-9.801134028546105 11.319
-9.801134028546105 11.319
-9.712137288631045 12.23
-9.235739985264125 12.792
-9.165411236272085 11.828
-8.833195131461945 12.377
-8.833195131461945 12.377
-8.71318517028025 12.164
-8.661150384154965 11.479
-8.661150384154965 11.479
-8.593412895595451 11.852
-8.490339040271232 9.772
-8.269116851215784 11.92
-8.269116851215784 11.92
-8.188680700007888 11.814
-8.188680700007888 11.814
-7.839998938765475 11.83
-7.839998938765475 11.83
-7.8331304236544135 11.332
-7.591418505461738 12.543
-7.591418505461738 12.543
-7.290936438009138 11.678
-7.158313285105965 11.022
-7.158313285105965 11.022
-6.952284578794017 12.16
-6.870005874688897 12.446
-6.870005874688897 12.446
-6.62882865923369 12.188
-6.62882865923369 12.188
-6.107430194667464 12.617
-6.103728524052391 8.649
-6.103728524052391 8.649
-6.071800743796239 11.848
-6.071800743796239 11.848
-6.071800743796239 11.848
-5.9430746550196245 11.632
-5.776515270311062 11.485
-5.506760860131142 11.67
-5.506760860131142 11.67
-5.506760860131142 11.67
-5.410872921642493 11.833
-5.158012730991413 12.215
-5.158012730991413 12.215
-4.894072860674194 9.582
-4.838129846106709 9.783
-4.838129846106709 9.783
-4.690042216709154 11.673
-4.690042216709154 11.673
-4.633938670782196 12.083
-4.633938670782196 12.083
-4.582756699855638 12.539
-4.582756699855638 12.539
-4.532113864866841 10.654
-4.495484234431622 11.056
-4.2898856718420415 12.036
-4.253281752274695 12.79
-4.253281752274695 12.79
-4.240205442698821 12.402
-4.240205442698821 12.402
-4.158531616175532 12.613
-4.158531616175532 12.613
-4.06700788882 10.694
-4.06700788882 10.694
-3.9812696722486436 12.01
-3.869427023713068 10.405
-3.8373486986012404 10.598
-3.6852409944877698 12.439
-3.6535784860738634 12.568
-3.6128662324023395 12.279
-3.6128662324023395 12.279
-3.4996103601811397 11.11
-3.494300987319792 12.597
-3.491167217716289 12.28
-3.491167217716289 12.28
-3.351829219074752 12.14
-3.1844351320597166 12.106
-3.1844351320597166 12.106
-3.177260422033039 10.919
-3.177260422033039 10.834
-3.177260422033039 10.919
-3.128138547996116 11.279
-3.00842806320715 10.454
-2.991388216949539 12.671
-3.6852409944877698 12.543
-2.991388216949539 12.721
-2.8257370379181506 11.704
-2.8257370379181506 11.659
-2.814254960342492 11.806
-2.7862897356933702 12.772
-2.7862897356933702 12.772
-2.7470091140107895 12.227
-2.664406743703386 12.346
-2.664406743703386 12.346
-2.5986528901893555 12.497
-2.5311214466573086 11.821
-2.5311214466573086 11.821
-2.5058784086388606 10.935
-2.5058784086388606 10.935
-2.50288972102009 12.82
-2.493692080681012 11.636
-2.493692080681012 11.636
-2.4516572369655374 12.442
-2.3865494003262273 11.432
-2.370060677513321 12.723
-2.3300860756376327 11.802
-2.3132493946254407 12.868
-2.2617608976438204 12.486
-2.2210567442113063 11.321
-2.209250914482377 12.166
-2.179595334818607 12.332
-2.179595334818607 12.332
-2.114422094140508 11.787
-2.0860901679225776 11.546
-2.085296136415314 11.954
-2.085296136415314 11.672
-2.0815353204609064 11.994
-2.057459858323676 12.886
-2.057459858323676 11.024
-2.01559296116322 11.195
-2.006348241348842 12.108
-1.9688381517619145 12.044
-1.9393669818750203 10.308
-1.9236078304299882 12.29
-1.9236078304299882 12.29
-1.9236078304299882 12.243
-1.9101001561575455 11.159
-1.8950362622924048 11.71
-1.8552031151186088 10.991
-1.7865963229452198 12.48
-1.7865963229452198 12.48
-1.7865963229452198 12.48
-2.3132493946254407 12.868
-1.7674536224868893 10.708
-1.7429605925833327 11.246
-1.7429605925833327 11.246
-1.677142973949692 11.859
-1.677142973949692 11.943
-1.677142973949692 11.943
-1.6698402809415707 12.116
-1.6698402809415707 12.116
-1.6603224639561858 11.316
-1.612929847285419 11.359
-1.612929847285419 12.282
-1.612929847285419 11.359
-1.612929847285419 11.884
-1.612929847285419 11.359
-1.612929847285419 11.929
-1.612929847285419 12.282
-1.612929847285419 11.708
-1.612929847285419 11.359
-1.5499244981857276 11.455
-1.5499244981857276 11.455
-1.4918741739003494 11.758
-1.4918741739003494 12.149
-1.4918741739003494 11.758
-1.612929847285419 11.929
-1.4879527459709505 12.333
-1.4879527459709505 12.667
-1.4314583137253096 11.961
-1.4314583137253096 12.108
-1.4314583137253096 11.886
-1.4314583137253096 12.098
-1.3106932725508766 11.848
-3.869427023713068 10.405
-1.3106932725508766 11.774
-1.6698402809415707 12.063
-1.3106932725508766 11.774
-1.3020387544011611 12.282
-1.3020387544011611 12.282
-1.259671889206374 12.099
-1.259671889206374 10.53
-1.259671889206374 10.766
-1.2592969659378312 11.812
-1.2570532169479598 12.361
-1.2570532169479598 11.858
-1.253917751261657 11.766
-1.253917751261657 11.766
-1.253917751261657 11.435
-1.253917751261657 12.67
-1.253917751261657 11.435
-1.2021703463604998 11.177
-1.2021703463604998 11.177
-1.1977618998877348 12.134
-1.1977618998877348 12.134
-1.1578275427426186 11.197
-1.1578275427426186 10.87
-1.1578275427426186 11.342
-1.1578275427426186 11.414
-1.1554218518828223 10.341
-1.1554218518828223 10.341
-1.1554218518828223 13.236
-1.1554218518828223 10.562
-1.112545586832896 11.882
-1.112545586832896 11.59
-1.112545586832896 11.59
-1.1041683206797488 11.448
-1.1041683206797488 11.388
-1.1041683206797488 11.448
-1.0861283492694287 12.304
-1.0861283492694287 12.304
-1.0861283492694287 12.304
-1.0698700600280966 12.231
-1.0698700600280966 11.614
-1.0698700600280966 12.231
-1.0698700600280966 12.231
-1.065894678665683 12.308
-1.0286692292945583 11.916
-1.028457356142317 12.309
-1.028457356142317 12.239
-1.0257074365812133 10.867
-1.0257074365812133 11.981
-1.0257074365812133 11.484
-1.0257074365812133 10.867
-1.0210724383798562 12.129
-1.0210724383798562 12.129
-1.0210724383798562 12.129
-0.9942757628205987 11.747
-0.6784205475363798 11.74
-0.6784205475363798 11.74
-0.6366875017966743 11.482
-0.5840957643081768 10.629
0.9593234539924678 12.7
0.9593234539924678 12.7
1.237038246442242 11.968
2.2121563808595393 11.707
2.2121563808595393 11.707
3.8121542512088222 12.36
3.8121542512088222 12.36
4.921867847577281 12.375
4.921867847577281 12.375
4.921867847577281 12.375
5.481803921987371 12.209
7.847845809768053 11.673
7.847845809768053 11.673
7.882659153415496 10.106
7.882659153415496 10.11
7.882659153415496 10.11
8.548589956505579 11.69
8.548589956505579 11.69
8.831741264611278 11.562
8.831741264611278 11.562
9.634718305775007 11.213
9.634718305775007 11.213
11.018436400520061 11.085
11.018436400520061 11.085
11.245247500290574 11.905
11.245247500290574 11.905
11.245247500290574 11.905
11.245247500290574 11.905
12.393855907555265 11.468
12.393855907555265 11.468
12.711213378797293 10.875
13.066009509281544 12.153
13.066009509281544 12.153
13.228226145471197 12.317
13.228226145471197 12.317
14.108584075270521 12.155
14.108584075270521 12.155
14.108584075270521 12.155
14.40885398049431 13.152
14.578784997242334 11.673
15.08487744519556 11.261
18.03621090098079 10.546
18.03621090098079 10.546
18.03621090098079 10.546
18.576370516179914 11.829
18.576370516179914 11.829
18.951555548026555 11.708
18.951555548026555 11.708
18.951555548026555 11.708
19.796381975128675 11.23
20.57245512270885 10.586
20.63651619198315 12.115
21.259236849884832 10.709
24.566597556193216 12.253
24.566597556193216 12.253
27.8993985019744 11.698
27.8993985019744 11.698
29.153713607781945 12.178
29.153713607781945 12.178
30.319201919743946 10.932
30.319201919743946 10.932
30.3555452443165 11.558
31.518547146668844 10.071
31.518547146668844 10.071
32.597752248596954 13.066
32.80187385681523 11.665
32.80187385681523 11.665
32.80187385681523 11.665
32.80187385681523 11.665
33.37170951351604 10.673
33.37170951351604 10.673
35.49488375424509 12.063
35.49488375424509 11.483
35.49488375424509 11.483
35.49488375424509 11.483
35.49488375424509 12.063
35.49488375424509 12.063
38.54689597601316 11.979
38.54689597601316 11.979
38.54689597601316 11.979
40.45879842162031 12.693
45.169299380968646 10.448
45.36588810169116 11.682
45.507668246324215 10.989
45.507668246324215 10.989
48.5335159430718 11.907
48.5335159430718 11.907
49.870844555730365 11.835
49.870844555730365 11.835
65.48621593497235 13.457
65.48621593497235 13.457
68.17120084112051 12.163
68.17120084112051 12.163
70.28637974705069 10.567
70.28637974705069 10.567
70.92424287995237 11.537
70.92424287995237 11.537
74.24569965048879 12.584
74.24569965048879 12.584
74.89991344078491 11.427
74.89991344078491 11.427
79.27322779572891 12.211
89.28733008979285 10.509
89.28733008979285 10.509
89.28733008979285 10.509
90.27181261246031 10.628
100.43391286401268 12.873
100.43391286401268 12.873
100.56240230445175 11.514
100.56240230445175 11.514
103.8544427897588 12.632
105.23367447779482 12.09
105.23367447779482 12.09
105.23367447779482 12.09
105.23367447779482 12.09
107.21220161243015 10.376
111.19185104555902 12.663
119.74982226970027 12.416
119.74982226970027 12.416
119.74982226970027 12.416
119.74982226970027 12.416
124.55345404698693 10.777
124.55345404698693 10.777
126.33031876397446 10.839
126.92350839414783 12.387
126.92350839414783 12.387
130.49687439400373 10.756
130.49687439400373 10.756
130.49687439400373 10.756
130.49687439400373 10.756
145.38251327208388 11.748
148.0529044489429 11.562
149.01744081131034 11.275
154.4719210221018 11.907
154.4719210221018 11.907
162.90497644580435 11.772
162.90497644580435 11.772
171.392571782659 11.958
171.392571782659 11.958
177.3024335620235 11.937
177.3024335620235 11.937
182.18940805553427 12.536
184.46016783951012 11.811
184.46016783951012 11.811
184.46016783951012 11.811
184.46016783951012 11.811
185.28295179093783 12.04
204.7054845622861 11.282
204.7054845622861 11.282
209.7582850241885 11.596
209.7582850241885 11.596
209.7582850241885 11.596
213.46168710306216 11.562
214.32377517418095 11.364
215.8821688435891 10.07
215.8821688435891 10.07
215.8821688435891 10.07
215.8821688435891 10.07
239.5893052849269 10.781
239.5893052849269 10.781
239.7733176985392 11.193
245.2575583119358 11.386
245.2575583119358 11.386
246.46374158338836 11.983
246.46374158338836 11.983
249.3762436989252 11.979
249.3762436989252 11.979
252.34612790419737 12.256
252.34612790419737 12.256
263.1658938835026 12.233
263.1658938835026 12.233
263.1658938835026 12.233
263.1658938835026 12.233
277.53203735393663 12.095
277.53203735393663 12.095
277.53203735393663 12.095
290.8880480805052 11.969
290.8995150731678 12.145
293.1993486304364 12.003
293.1993486304364 12.003
293.1993486304364 12.003
293.1993486304364 12.003
294.2790411285414 12.032
294.2790411285414 12.032
302.70241726073687 10.709
302.70241726073687 10.709
302.70241726073687 10.709
302.70241726073687 10.709
304.98961453889603 12.572
304.98961453889603 12.572
309.9858921829527 12.48
309.9858921829527 12.48
309.9858921829527 12.48
311.64192507453777 11.329
311.64192507453777 11.329
340.84394716299005 11.654
340.84394716299005 11.654
384.79429030161407 12.236
384.79429030161407 12.236
384.79429030161407 12.236
384.79429030161407 12.236
392.5619244443208 12.556
392.5619244443208 12.556
392.5619244443208 12.556
392.5619244443208 12.556
393.82122141025866 12.013
393.82122141025866 12.013
393.82122141025866 12.411
393.82122141025866 12.411
395.2337407153613 11.695
395.2337407153613 11.695
403.97814583569016 11.404
403.97814583569016 11.404
403.97814583569016 11.404
403.97814583569016 11.404
410.50333714234176 11.611
32.597752248596954 13.066
410.50333714234176 11.611
-1.112545586832896 11.882
447.5124065296375 11.228
145.38251327208388 11.748
447.5124065296375 11.228
462.0136115585528 11.614
467.7388774262267 11.907
