-149.97140502713847 20.183
-149.97140502713847 20.183
-149.97140502713847 20.183
-149.97140502713847 20.183
-145.76952862473647 20.161
-145.76952862473647 20.161
-145.76952862473647 20.161
-145.76952862473647 20.161
-145.76952862473647 20.161
-64.29238117777614 18.82
-64.29238117777614 18.82
-63.68789710881325 21.573
-63.68789710881325 21.573
-63.68789710881325 21.573
-60.906225661351996 22.608
-57.56735001978599 19.416
-52.02986892581528 16.922
-52.02986892581528 16.922
-48.10166493743055 18.068
-47.5089242604759 14.701
-47.5089242604759 14.701
-46.87886144271025 14.669
-42.459829966805685 20.322
-41.15525025942418 19.902
-41.15525025942418 19.902
-41.15525025942418 19.902
-41.15525025942418 19.902
-39.445935288506384 19.157
-39.445935288506384 19.157
-39.445935288506384 19.157
-39.445935288506384 19.157
-36.83864681194547 21.705
-34.716723027935736 16.937
-34.716723027935736 16.937
-34.17859124176269 13.923
-34.17859124176269 13.923
-33.882392380951735 14.581
-33.61708092483594 14.998
-33.61708092483594 14.998
-33.10684732360217 10.243
-33.10684732360217 10.243
-32.75946831153406 16.919
-32.75946831153406 16.919
-31.38316364381038 8.547
-30.49919539187802 12.268
-30.49919539187802 12.268
-30.46325020846364 17.299
-30.46325020846364 17.299
-30.46325020846364 17.299
-30.46325020846364 17.299
-30.352339771024525 20.768
-30.352339771024525 20.768
-30.352339771024525 20.768
-30.352339771024525 20.768
-30.145354407683588 18.33
-30.145354407683588 18.33
-28.93773055282398 18.472
-28.93773055282398 18.472
-28.24462994121093 12.881
-28.24462994121093 12.881
-27.868964845154906 16.436
-27.504533037773847 18.338
-27.091177188303433 18.564
-27.091177188303433 18.564
-27.091177188303433 18.564
-27.091177188303433 18.564
-27.00828538461088 21.689
-27.00828538461088 21.689
-27.00828538461088 21.689
-26.856276791398987 16.236
-26.856276791398987 16.236
-26.838700615858677 22.829
-26.838700615858677 22.829
-26.83534081751272 12.713
-26.2790419959132 22.912
-26.2790419959132 22.912
-25.708445137407644 22.879
-25.618780981008438 14.012
-25.618780981008438 14.012
-24.693433989872837 19.373
-24.620326750851987 17.155
-24.620326750851987 17.155
-24.607096361915147 19.954
-24.607096361915147 19.954
-24.126488708068884 21.974
-24.0950194718058 21.563
-23.88768757694272 13.769
-23.88768757694272 13.769
-23.73064816032064 18.217
-23.382361821011763 14.376
-23.382361821011763 14.376
-23.29327773604391 12.787
-23.29327773604391 12.787
-22.898093003417454 14.021
-22.898093003417454 14.021
-22.713423259786993 17.175
-22.632452877090163 10.253
-22.632452877090163 10.253
-22.51251978478185 19.439
-22.51251978478185 19.439
-22.33012441297169 17.524
-22.33012441297169 17.524
-22.008845761648242 18.57
-22.008845761648242 18.57
-22.008845761648242 18.57
-21.57068409685825 12.925
-21.57068409685825 12.925
-21.29185461443622 20.846
-21.2658224758965 19.823
-21.2658224758965 19.823
-21.237319911377828 20.251
-20.877434875593956 21.691
-20.877434875593956 21.691
-20.817866247120342 21.407
-20.817866247120342 21.407
-20.78913078871743 14.118
-20.78913078871743 14.118
-20.311337387940277 23.088
-20.311337387940277 23.088
-20.17187692365695 16.324
-20.17187692365695 16.324
-20.098379221559483 14.31
-20.098379221559483 14.31
-20.08705084193902 16.934
-20.08705084193902 16.934
-19.940975671582343 20.77
-19.940975671582343 20.77
-19.806749547025525 17.146
-19.806749547025525 17.146
-19.804027508302084 23.045
-19.784311912667256 23.132
-19.784311912667256 23.132
-19.269175717837317 13.109
-19.269175717837317 13.109
-19.02326657681297 17.14
-19.007320218984418 19.678
-18.42915048014874 18.605
-18.42915048014874 18.605
-18.338439418028187 18.573
-18.338439418028187 18.573
-18.24968444201481 21.533
-18.24968444201481 21.533
-18.07944872367659 23.333
-18.067928941673724 19.473
-17.890346684447188 20.748
-17.890346684447188 20.748
-17.849854461718486 14.194
-17.849854461718486 14.194
-17.669450482655375 16.91
-17.614468063873638 15.009
-17.614468063873638 15.009
-17.614468063873638 15.009
-17.381531812889996 15.081
-17.031897290865064 14.994
-17.031897290865064 14.994
-17.02292222777402 19.47
-17.012396479856044 19.425
-16.738413333863946 19.432
-16.676930752062155 14.28
-16.676930752062155 14.28
-16.676930752062155 14.28
-16.676930752062155 14.28
-16.406309370185042 18.553
-16.406309370185042 18.553
-16.406309370185042 18.553
-16.406309370185042 18.553
-16.406309370185042 18.553
-16.406309370185042 18.553
-16.406309370185042 18.553
-16.387112456271048 16.874
-16.37326022401178 16.583
-16.37326022401178 16.583
-16.37326022401178 16.583
-16.37326022401178 16.583
-16.156354184713738 18.177
-16.156354184713738 18.177
-15.974127587881746 19.446
-15.7278419410335 17.061
-15.7278419410335 17.061
-15.671661666529651 22.396
-15.671661666529651 22.396
-15.671661666529651 22.396
-15.671661666529651 22.396
-15.546579076866202 19.753
-15.546579076866202 19.753
-15.530021625444519 12.481
-15.530021625444519 12.481
-15.513956837333081 13.766
-15.513956837333081 13.766
-15.398968317050235 21.455
-15.168086908220888 16.83
-15.145595766712727 21.483
-15.145595766712727 21.483
-15.145595766712727 21.483
-15.145595766712727 21.483
-15.145595766712727 21.483
-15.145595766712727 21.483
-15.01663384030561 14.594
-15.01663384030561 14.594
-14.863914093885848 16.536
-14.863914093885848 16.536
-14.779594712495566 19.476
-14.671475663790613 20.145
-14.671475663790613 20.145
-14.537962493732302 13.782
-14.537962493732302 13.778
-14.483910883844679 14.317
-14.483910883844679 14.317
-14.389085181879416 21.968
-14.340268848722813 18.928
-14.340268848722813 18.928
-14.330012315288759 22.266
-14.330012315288759 22.266
-14.330012315288759 22.266
-14.330012315288759 22.266
-14.280294375902407 19.414
-14.280294375902407 19.414
-13.994909294805176 17.749
-13.92804613343222 20.92
-13.92804613343222 20.92
-13.7435644407242 15.515
-13.7435644407242 15.515
-13.404994388013758 17.632
-13.36715548440512 14.767
-13.36715548440512 14.767
-13.285457483765471 22.203
-13.252666306688592 18.134
-13.252666306688592 18.134
-13.252666306688592 18.134
-13.252666306688592 18.134
-13.081351659640232 17.225
-13.081351659640232 17.225
-12.85989841648194 17.614
-12.80638739328379 21.219
-12.651469160388068 14.152
-12.651469160388068 14.152
-12.617673087587773 18.168
-12.379448867314014 21.195
-12.336385519804075 14.27
-12.336385519804075 14.27
-12.305464851227406 20.311
-12.305464851227406 20.311
-12.305464851227406 20.311
-12.305464851227406 20.311
-12.036583473224143 18.219
-11.978890722418186 14.288
-11.91252342579673 13.831
-11.91252342579673 13.831
-11.875921020546222 21.436
-11.864478814671436 14.601
-11.864478814671436 14.601
-11.850923590963557 20.643
-11.79613279069526 13.325
-11.79613279069526 13.325
-11.742777273882455 22.709
-11.703801668026559 10.873
-11.703801668026559 10.873
-11.684573472990484 12.888
-11.684573472990484 12.888
-11.601155402817218 23.057
-11.219683859568391 14.552
-11.219683859568391 14.552
-11.198275433049757 21.925
-11.198275433049757 21.925
-11.198275433049757 21.925
-11.198275433049757 21.925
-11.159104117119988 17.425
-11.159104117119988 17.425
-11.106526252757979 17.389
-11.097236147605736 22.946
-11.055558516387453 16.817
-11.055558516387453 16.817
-10.99176283663519 20.651
-10.934078231743184 16.8
-10.934078231743184 16.8
-10.900988323970473 14.209
-10.851555479055564 17.492
-10.804225655535493 13.357
-10.676469237223342 17.814
-10.657241736475598 21.93
-10.657241736475598 21.93
-10.636074747443848 20.948
-10.580147515248088 22.985
-10.512449707077085 19.07
-10.43200656351934 15.217
-10.43200656351934 15.217
-10.390720562559615 13.67
-10.390720562559615 13.67
-10.28977985257228 20.689
-10.283864512624977 17.834
-10.262700132202884 19.185
-10.056705314788744 21.498
-10.04594259444374 21.586
-10.04594259444374 21.586
-10.04594259444374 21.586
-10.04594259444374 21.586
-10.014968994126347 13.16
-10.014968994126347 13.16
-9.812498191842668 18.04
-9.812498191842668 18.04
-9.812498191842668 18.04
-9.812498191842668 18.04
-9.810253157174287 21.66
-9.661910848316491 15.38
-9.661910848316491 15.38
-9.604182650030786 15.295
-9.604182650030786 15.295
-9.475931654720643 13.838
-9.475931654720643 13.838
-9.454552150895507 23.441
-9.454552150895507 23.441
-9.406986590068525 18.619
-9.406986590068525 18.619
-9.363764312241859 18.05
-9.363764312241859 18.05
-9.363764312241859 18.05
-9.363764312241859 18.05
-9.301028909282579 19.033
-9.301028909282579 19.033
-9.301028909282579 19.033
-9.301028909282579 19.033
-9.249821569302378 21.38
-9.249821569302378 21.38
-9.108466789012947 19.616
-9.108466789012947 19.616
-9.095869101419789 18.258
-9.095869101419789 18.258
-9.095869101419789 18.258
-9.095869101419789 18.258
-8.965179227462611 18.041
-8.965179227462611 18.041
-8.965179227462611 18.041
-8.965179227462611 18.041
-8.907763967136301 15.192
-8.907763967136301 15.192
-8.906522886391965 19.138
-8.842945665348607 19.095
-8.842945665348607 19.095
-8.807506487723959 15.371
-8.807506487723959 15.371
-8.760882845584465 13.882
-8.760882845584465 13.882
-8.625958607376845 18.52
-8.625958607376845 18.52
-8.606381324853624 20.527
-8.606381324853624 20.527
-8.606098632648514 20.77
-8.497755752951154 18.893
-8.418840580349446 18.931
-8.418840580349446 18.931
-8.398549577386754 22.184
-8.398549577386754 22.184
-8.30536494669907 16.992
-8.30536494669907 16.992
-8.278757333484194 19.087
-8.278757333484194 19.087
-8.206012442284452 21.093
-8.206012442284452 21.093
-8.124253404633283 14.159
-8.124253404633283 14.159
-8.122638566253901 22.254
-8.096981071613365 21.87
-8.096981071613365 21.87
-8.07773423809434 21.494
-8.07773423809434 21.494
-8.07773423809434 21.494
-8.07773423809434 21.494
-8.032189455554011 18.479
-8.032189455554011 18.479
-7.917250077826061 17.406
-7.911271606885431 20.434
-7.8864029062698515 15.011
-7.8864029062698515 15.011
-7.874325584867383 21.365
-7.874325584867383 21.365
-7.874325584867383 21.365
-7.874325584867383 21.365
-7.6994981590404326 19.331
-7.6994981590404326 19.331
-7.6994981590404326 19.331
-7.6994981590404326 19.331
-7.658577312016291 16.644
-7.63689087232124 14.775
-7.63689087232124 14.775
-7.634481113395562 18.648
-7.618739854065889 18.824
-7.618739854065889 18.824
-7.4293670233957 21.028
-7.3094650406732065 19.829
-7.3094650406732065 19.829
-7.168675240290364 20.552
-7.163771555055237 14.971
-7.163771555055237 14.971
-7.1344051979927885 13.794
-7.1344051979927885 13.794
-7.109190188262636 18.635
-7.109190188262636 18.635
-7.072162924716682 15.462
-7.072162924716682 15.462
-7.042625151237296 21.967
-7.042625151237296 21.967
-7.042625151237296 21.967
-7.042625151237296 21.967
-7.030802035836692 20.459
-7.030802035836692 20.459
-7.030802035836692 20.459
-7.030802035836692 20.459
-6.984166178884753 20.935
-6.984166178884753 20.935
-6.810011296965198 18.913
-6.810011296965198 18.913
-6.663700034202771 13.619
-6.663700034202771 13.619
-6.610578477653629 23.205
-6.511724363723501 20.152
-6.511724363723501 20.152
-6.486134135415586 21.654
-6.486134135415586 21.654
-6.482078725624886 21.176
-6.459684614626628 18.477
-6.459684614626628 18.477
-6.435245970689865 19.293
-6.336513795222682 17.583
-6.336513795222682 17.583
-6.272520081838241 17.109
-6.27040189561916 15.104
-6.27040189561916 15.104
-6.110726713260544 21.454
-6.110726713260544 21.454
-6.060225031111566 21.291
-5.938211273714372 18.064
-5.938211273714372 18.064
-5.938211273714372 18.064
-5.938211273714372 18.064
-5.832965978689183 21.951
-5.832965978689183 21.951
-5.832965978689183 21.951
-5.832965978689183 21.951
-5.830940734204897 14.329
-5.830940734204897 14.329
-5.766586837230369 19.469
-5.766586837230369 19.469
-5.766586837230369 19.469
-5.766586837230369 19.469
-5.721819162559407 18.515
-5.640641992189643 20.657
-5.547219045319807 19.46
-5.53144472690385 19.566
-5.53144472690385 19.566
-5.53144472690385 19.566
-5.53144472690385 19.566
-5.510866649208746 15.296
-5.510866649208746 15.296
-5.496304121216333 14.365
-5.496304121216333 14.365
-5.460499030397228 15.425
-5.460499030397228 15.425
-5.4502722164102355 21.437
-5.401666446791273 19.461
-5.401666446791273 19.44
-5.329954055692488 20.828
-5.327411068853735 18.597
-5.327411068853735 18.597
-5.327411068853735 18.597
-5.327411068853735 18.597
-5.3126230127429865 14.855
-5.3126230127429865 14.855
-5.3126230127429865 14.931
-5.3126230127429865 14.855
-5.290746474065298 19.81
-5.290746474065298 19.81
-5.218624331056674 18.738
-5.218624331056674 18.738
-5.190369974656978 20.864
-5.190369974656978 20.864
-5.180287848726959 17.652
-5.180287848726959 17.652
-5.158267586827309 8.629
-5.158267586827309 8.629
-5.119047024128237 13.093
-5.118200004355504 23.109
-5.10115726458746 16.5
-4.964281808296753 19.54
-4.964281808296753 19.54
-4.905318380585981 16.468
-4.83542348372269 19.541
-4.83542348372269 19.541
-4.816857964437858 21.276
-4.5458925251006645 18.927
-4.460499857320153 21.578
-4.460499857320153 21.578
-4.460499857320153 21.578
-4.460499857320153 21.578
-4.459883386369455 23.141
-4.422513252686622 17.889
-4.4013698602536975 20.531
-4.4013698602536975 20.531
-4.374225324559724 21.126
-4.374225324559724 21.126
-4.374225324559724 21.126
