NaN 1000.0
-1.0 19.228
-1.0 18.967
-1.0 19.181
-1.0 19.122
-1.0 19.367
-1.0 19.555
-1.0 20.17
-1.0 20.183
-1.0 20.17
-25.898366216378722 -1.0
-25.506218310111507 -1.0
-25.506218310111507 -1.0
-23.758464489894997 -1.0
-22.56894273778339 -1.0
-22.56894273778339 -1.0
-21.064435574260003 -1.0
-18.848786219554412 -1.0
-18.737439464827414 -1.0
-18.737439464827414 -1.0
-16.9508045557972 -1.0
-16.285554137615016 -1.0
-15.54096747813427 -1.0
-15.54096747813427 -1.0
-15.083410298794213 -1.0
-14.06473242444636 -1.0
-14.06473242444636 -1.0
-12.663819722792582 -1.0
-12.543820812179982 -1.0
-12.543820812179982 -1.0
-12.543820812179982 -1.0
-12.540216125254933 -1.0
-12.185730157921078 -1.0
-12.185730157921078 -1.0
-12.073638295808664 -1.0
-11.965008533959407 -1.0
-11.680912516216424 -1.0
-11.535663076189085 -1.0
-11.437045728275134 -1.0
-11.437045728275134 -1.0
-11.437045728275134 -1.0
-11.340145902706906 -1.0
-11.282693683874768 -1.0
-11.282693683874768 -1.0
-11.276323932362532 -1.0
-11.276323932362532 -1.0
-10.81214506142051 -1.0
-10.335736562996866 -1.0
-10.335736562996866 -1.0
-10.301006710408297 -1.0
-10.301006710408297 -1.0
-9.868492452308477 -1.0
-9.868492452308477 -1.0
-9.813947066727957 -1.0
-9.813947066727957 -1.0
-9.801134028546105 -1.0
-9.801134028546105 -1.0
-9.712137288631045 -1.0
-9.235739985264125 -1.0
-9.165411236272085 -1.0
-8.833195131461945 -1.0
-8.833195131461945 -1.0
-8.71318517028025 -1.0
-8.661150384154965 -1.0
-8.661150384154965 -1.0
-8.593412895595451 -1.0
-8.490339040271232 -1.0
-8.269116851215784 -1.0
-8.269116851215784 -1.0
-8.188680700007888 -1.0
-8.188680700007888 -1.0
-7.839998938765475 -1.0
-7.839998938765475 -1.0
-7.8331304236544135 -1.0
-7.591418505461738 -1.0
-7.591418505461738 -1.0
-7.290936438009138 -1.0
-7.158313285105965 -1.0
-7.158313285105965 -1.0
-6.952284578794017 -1.0
-6.870005874688897 -1.0
-6.870005874688897 -1.0
-6.62882865923369 -1.0
-6.62882865923369 -1.0
-6.107430194667464 -1.0
-6.103728524052391 -1.0
-6.103728524052391 -1.0
-6.071800743796239 -1.0
-6.071800743796239 -1.0
-6.071800743796239 -1.0
-5.9430746550196245 -1.0
-5.776515270311062 -1.0
-5.506760860131142 -1.0
-5.506760860131142 -1.0
-5.506760860131142 -1.0
-5.410872921642493 -1.0
-5.158012730991413 -1.0
-5.158012730991413 -1.0
-4.894072860674194 -1.0
-4.838129846106709 -1.0
-4.838129846106709 -1.0
-4.690042216709154 -1.0
-4.690042216709154 -1.0
-4.633938670782196 -1.0
-4.633938670782196 -1.0
-4.582756699855638 -1.0
-4.582756699855638 -1.0
-4.532113864866841 -1.0
-4.495484234431622 -1.0
-4.2898856718420415 -1.0
-4.253281752274695 -1.0
-4.253281752274695 -1.0
-4.240205442698821 -1.0
-4.240205442698821 -1.0
-4.158531616175532 -1.0
-4.158531616175532 -1.0
-4.06700788882 -1.0
-4.06700788882 -1.0
-3.9812696722486436 -1.0
-3.869427023713068 -1.0
-3.8373486986012404 -1.0
-3.6852409944877698 -1.0
-3.6535784860738634 -1.0
-3.6128662324023395 -1.0
-3.6128662324023395 -1.0
-3.4996103601811397 -1.0
-3.494300987319792 -1.0
-3.491167217716289 -1.0
-3.491167217716289 -1.0
-3.351829219074752 -1.0
-3.1844351320597166 -1.0
-3.1844351320597166 -1.0
-3.177260422033039 -1.0
-3.177260422033039 -1.0
-3.177260422033039 -1.0
-3.128138547996116 -1.0
-3.00842806320715 -1.0
-2.991388216949539 -1.0
-3.6852409944877698 -1.0
-2.991388216949539 -1.0
-2.8257370379181506 -1.0
-2.8257370379181506 -1.0
-2.814254960342492 -1.0
-2.7862897356933702 -1.0
-2.7862897356933702 -1.0
-2.7470091140107895 -1.0
-2.664406743703386 -1.0
-2.664406743703386 -1.0
-2.5986528901893555 -1.0
-2.5311214466573086 -1.0
-2.5311214466573086 -1.0
-2.5058784086388606 -1.0
-2.5058784086388606 -1.0
-2.50288972102009 -1.0
-2.493692080681012 -1.0
-2.493692080681012 -1.0
-2.4516572369655374 -1.0
-2.3865494003262273 -1.0
-2.370060677513321 -1.0
-2.3300860756376327 -1.0
-2.3132493946254407 -1.0
-2.2617608976438204 -1.0
-2.2210567442113063 -1.0
-2.209250914482377 -1.0
-2.179595334818607 -1.0
-2.179595334818607 -1.0
-2.114422094140508 -1.0
-2.0860901679225776 -1.0
-2.085296136415314 -1.0
-2.085296136415314 -1.0
-2.0815353204609064 -1.0
-2.057459858323676 -1.0
-2.057459858323676 -1.0
-2.01559296116322 -1.0
-2.006348241348842 -1.0
-1.9688381517619145 -1.0
-1.9393669818750203 -1.0
-1.9236078304299882 -1.0
-1.9236078304299882 -1.0
-1.9236078304299882 -1.0
-1.9101001561575455 -1.0
-1.8950362622924048 -1.0
-1.8552031151186088 -1.0
-1.7865963229452198 -1.0
-1.7865963229452198 -1.0
-1.7865963229452198 -1.0
-2.3132493946254407 -1.0
-1.7674536224868893 -1.0
-1.7429605925833327 -1.0
-1.7429605925833327 -1.0
-1.677142973949692 -1.0
-1.677142973949692 -1.0
-1.677142973949692 -1.0
-1.6698402809415707 -1.0
-1.6698402809415707 -1.0
-1.6603224639561858 -1.0
-1.612929847285419 -1.0
-1.612929847285419 -1.0
-1.612929847285419 -1.0
-1.612929847285419 -1.0
-1.612929847285419 -1.0
-1.612929847285419 -1.0
-1.612929847285419 -1.0
-1.612929847285419 -1.0
-1.612929847285419 -1.0
-1.5499244981857276 -1.0
-1.5499244981857276 -1.0
-1.4918741739003494 -1.0
-1.4918741739003494 -1.0
-1.4918741739003494 -1.0
-1.612929847285419 -1.0
-1.4879527459709505 -1.0
-1.4879527459709505 -1.0
-1.4314583137253096 -1.0
-1.4314583137253096 -1.0
-1.4314583137253096 -1.0
-1.4314583137253096 -1.0
-1.3106932725508766 -1.0
-3.869427023713068 -1.0
-1.3106932725508766 -1.0
-1.6698402809415707 -1.0
-1.3106932725508766 -1.0
-1.3020387544011611 -1.0
-1.3020387544011611 -1.0
-1.259671889206374 -1.0
-1.259671889206374 -1.0
-1.259671889206374 -1.0
-1.2592969659378312 -1.0
-1.2570532169479598 -1.0
-1.2570532169479598 -1.0
-1.253917751261657 -1.0
-1.253917751261657 -1.0
-1.253917751261657 -1.0
-1.253917751261657 -1.0
-1.253917751261657 -1.0
-1.2021703463604998 -1.0
-1.2021703463604998 -1.0
-1.1977618998877348 -1.0
-1.1977618998877348 -1.0
-1.1578275427426186 -1.0
-1.1578275427426186 -1.0
-1.1578275427426186 -1.0
-1.1578275427426186 -1.0
-1.1554218518828223 -1.0
-1.1554218518828223 -1.0
-1.1554218518828223 -1.0
-1.1554218518828223 -1.0
-1.112545586832896 -1.0
-1.112545586832896 -1.0
-1.112545586832896 -1.0
-1.1041683206797488 -1.0
-1.1041683206797488 -1.0
-1.1041683206797488 -1.0
-1.0861283492694287 -1.0
-1.0861283492694287 -1.0
-1.0861283492694287 -1.0
-1.0698700600280966 -1.0
-1.0698700600280966 -1.0
-1.0698700600280966 -1.0
-1.0698700600280966 -1.0
-1.065894678665683 -1.0
-1.0286692292945583 -1.0
-1.028457356142317 -1.0
-1.028457356142317 -1.0
-1.0257074365812133 -1.0
-1.0257074365812133 -1.0
-1.0257074365812133 -1.0
-1.0257074365812133 -1.0
-1.0210724383798562 -1.0
-1.0210724383798562 -1.0
-1.0210724383798562 -1.0
-0.9942757628205987 -1.0
-0.6784205475363798 -1.0
-0.6784205475363798 -1.0
-0.6366875017966743 -1.0
-0.5840957643081768 -1.0
0.9593234539924678 -1.0
0.9593234539924678 -1.0
1.237038246442242 -1.0
2.2121563808595393 -1.0
2.2121563808595393 -1.0
3.8121542512088222 -1.0
3.8121542512088222 -1.0
4.921867847577281 -1.0
4.921867847577281 -1.0
4.921867847577281 -1.0
5.481803921987371 -1.0
7.847845809768053 -1.0
7.847845809768053 -1.0
7.882659153415496 -1.0
7.882659153415496 -1.0
7.882659153415496 -1.0
8.548589956505579 -1.0
8.548589956505579 -1.0
8.831741264611278 -1.0
8.831741264611278 -1.0
9.634718305775007 -1.0
9.634718305775007 -1.0
11.018436400520061 -1.0
11.018436400520061 -1.0
11.245247500290574 -1.0
11.245247500290574 -1.0
11.245247500290574 -1.0
11.245247500290574 -1.0
12.393855907555265 -1.0
12.393855907555265 -1.0
12.711213378797293 -1.0
13.066009509281544 -1.0
13.066009509281544 -1.0
13.228226145471197 -1.0
13.228226145471197 -1.0
14.108584075270521 -1.0
14.108584075270521 -1.0
14.108584075270521 -1.0
14.40885398049431 -1.0
14.578784997242334 -1.0
15.08487744519556 -1.0
18.03621090098079 -1.0
18.03621090098079 -1.0
18.03621090098079 -1.0
18.576370516179914 -1.0
18.576370516179914 -1.0
18.951555548026555 -1.0
18.951555548026555 -1.0
18.951555548026555 -1.0
19.796381975128675 -1.0
20.57245512270885 -1.0
20.63651619198315 -1.0
21.259236849884832 -1.0
24.566597556193216 -1.0
24.566597556193216 -1.0
27.8993985019744 -1.0
27.8993985019744 -1.0
29.153713607781945 -1.0
29.153713607781945 -1.0
30.319201919743946 -1.0
30.319201919743946 -1.0
30.3555452443165 -1.0
31.518547146668844 -1.0
31.518547146668844 -1.0
32.597752248596954 -1.0
32.80187385681523 -1.0
32.80187385681523 -1.0
32.80187385681523 -1.0
32.80187385681523 -1.0
33.37170951351604 -1.0
33.37170951351604 -1.0
35.49488375424509 -1.0
35.49488375424509 -1.0
35.49488375424509 -1.0
35.49488375424509 -1.0
35.49488375424509 -1.0
35.49488375424509 -1.0
38.54689597601316 -1.0
38.54689597601316 -1.0
38.54689597601316 -1.0
40.45879842162031 -1.0
45.169299380968646 -1.0
45.36588810169116 -1.0
45.507668246324215 -1.0
45.507668246324215 -1.0
48.5335159430718 -1.0
48.5335159430718 -1.0
49.870844555730365 -1.0
49.870844555730365 -1.0
65.48621593497235 -1.0
65.48621593497235 -1.0
68.17120084112051 -1.0
68.17120084112051 -1.0
70.28637974705069 -1.0
70.28637974705069 -1.0
70.92424287995237 -1.0
70.92424287995237 -1.0
74.24569965048879 -1.0
74.24569965048879 -1.0
74.89991344078491 -1.0
74.89991344078491 -1.0
79.27322779572891 -1.0
89.28733008979285 -1.0
89.28733008979285 -1.0
89.28733008979285 -1.0
90.27181261246031 -1.0
100.43391286401268 -1.0
100.43391286401268 -1.0
100.56240230445175 -1.0
100.56240230445175 -1.0
103.8544427897588 -1.0
105.23367447779482 -1.0
105.23367447779482 -1.0
105.23367447779482 -1.0
105.23367447779482 -1.0
107.21220161243015 -1.0
111.19185104555902 -1.0
119.74982226970027 -1.0
119.74982226970027 -1.0
119.74982226970027 -1.0
119.74982226970027 -1.0
124.55345404698693 -1.0
124.55345404698693 -1.0
126.33031876397446 -1.0
126.92350839414783 -1.0
126.92350839414783 -1.0
130.49687439400373 -1.0
130.49687439400373 -1.0
130.49687439400373 -1.0
130.49687439400373 -1.0
145.38251327208388 -1.0
148.0529044489429 -1.0
149.01744081131034 -1.0
154.4719210221018 -1.0
154.4719210221018 -1.0
162.90497644580435 -1.0
162.90497644580435 -1.0
171.392571782659 -1.0
171.392571782659 -1.0
177.3024335620235 -1.0
177.3024335620235 -1.0
182.18940805553427 -1.0
184.46016783951012 -1.0
184.46016783951012 -1.0
184.46016783951012 -1.0
184.46016783951012 -1.0
185.28295179093783 -1.0
204.7054845622861 -1.0
204.7054845622861 -1.0
209.7582850241885 -1.0
209.7582850241885 -1.0
209.7582850241885 -1.0
213.46168710306216 -1.0
214.32377517418095 -1.0
215.8821688435891 -1.0
215.8821688435891 -1.0
215.8821688435891 -1.0
215.8821688435891 -1.0
239.5893052849269 -1.0
239.5893052849269 -1.0
239.7733176985392 -1.0
245.2575583119358 -1.0
245.2575583119358 -1.0
246.46374158338836 -1.0
246.46374158338836 -1.0
249.3762436989252 -1.0
249.3762436989252 -1.0
252.34612790419737 -1.0
252.34612790419737 -1.0
263.1658938835026 -1.0
263.1658938835026 -1.0
263.1658938835026 -1.0
263.1658938835026 -1.0
277.53203735393663 -1.0
277.53203735393663 -1.0
277.53203735393663 -1.0
290.8880480805052 -1.0
290.8995150731678 -1.0
293.1993486304364 -1.0
293.1993486304364 -1.0
293.1993486304364 -1.0
293.1993486304364 -1.0
294.2790411285414 -1.0
294.2790411285414 -1.0
302.70241726073687 -1.0
302.70241726073687 -1.0
302.70241726073687 -1.0
302.70241726073687 -1.0
304.98961453889603 -1.0
304.98961453889603 -1.0
309.9858921829527 -1.0
309.9858921829527 -1.0
309.9858921829527 -1.0
311.64192507453777 -1.0
311.64192507453777 -1.0
340.84394716299005 -1.0
340.84394716299005 -1.0
384.79429030161407 -1.0
384.79429030161407 -1.0
384.79429030161407 -1.0
384.79429030161407 -1.0
392.5619244443208 -1.0
392.5619244443208 -1.0
392.5619244443208 -1.0
392.5619244443208 -1.0
393.82122141025866 -1.0
393.82122141025866 -1.0
393.82122141025866 -1.0
393.82122141025866 -1.0
395.2337407153613 -1.0
395.2337407153613 -1.0
403.97814583569016 -1.0
403.97814583569016 -1.0
403.97814583569016 -1.0
403.97814583569016 -1.0
410.50333714234176 -1.0
32.597752248596954 -1.0
410.50333714234176 -1.0
-1.112545586832896 -1.0
447.5124065296375 -1.0
145.38251327208388 -1.0
447.5124065296375 -1.0
462.0136115585528 -1.0
467.7388774262267 -1.0
