-49.14993428154316 11.401
-49.14993428154316 11.401
-43.28728461881633 12.528
-32.82831168395333 14.791
-27.314235313134404 12.506
-26.950509230892088 12.805
-26.950509230892088 12.805
-23.69202072657683 13.209
-23.69202072657683 13.209
-23.304783409265237 13.014
-21.660681513394433 11.608
-21.660681513394433 11.608
-21.38065713583828 13.281
-21.38065713583828 13.281
-20.159734307330258 11.794
-18.677116973113378 11.578
-18.677116973113378 11.578
-18.029158541510412 11.914
-18.029158541510412 11.914
-17.890904414864128 14.21
-17.409574483618016 12.4
-17.409574483618016 12.4
-17.12497231250436 11.639
-17.12497231250436 11.639
-17.12497231250436 11.639
-16.004226816963502 14.837
-15.904132026946339 12.826
-15.235142292282353 13.002
-15.235142292282353 13.002
-15.235142292282353 13.002
-14.379738760981235 12.423
-14.379738760981235 12.423
-14.259499790006597 12.566
-14.259499790006597 12.566
-14.155193040029092 12.045
-14.088673802320743 11.799
-14.088673802320743 11.799
-13.157411023388436 11.601
-13.157411023388436 11.601
-13.032273914332144 11.236
-12.316428315543245 13.776
-12.316428315543245 13.776
-12.291049592943608 9.578
-12.291049592943608 9.578
-11.533397016897416 11.219
-11.441420325051059 12.653
-11.441420325051059 12.653
-11.354037406296753 14.672
-11.354037406296753 14.672
-10.833973655114464 13.23
-10.833973655114464 13.23
-10.142363140967431 11.223
-9.703047093268639 10.177
-9.703047093268639 10.177
-9.590280983704025 11.905
-9.590280983704025 11.905
-9.301695209094705 13.196
-9.301695209094705 13.199
-9.301695209094705 13.199
-9.301695209094705 13.196
-9.231651338072185 11.835
-9.231651338072185 11.835
-9.084906567885039 13.218
-8.89827860087573 12.915
-8.839022282149623 12.5
-8.839022282149623 12.5
-8.733651551974361 16.147
-8.56062556122135 12.652
-8.523907046567206 14.228
-8.490044823071825 14.118
-8.490044823071825 14.118
-8.257604488977059 11.892
-8.257604488977059 11.892
-8.22292572051687 12.911
-8.126384997404724 12.651
-8.046686964463552 11.996
-8.046686964463552 11.996
-7.92751496185419 12.444
-7.92751496185419 12.444
-7.92751496185419 12.444
-7.608366624677185 11.206
-7.607600257256357 14.176
-7.446722262673255 11.456
-7.446722262673255 11.456
-7.231958387419577 11.738
-7.231958387419577 11.738
-7.231958387419577 11.738
-7.069590987720508 11.714
-7.069590987720508 11.714
-6.902120685414559 12.199
-6.902120685414559 12.199
-6.804298111483569 11.955
-6.78526177775786 11.726
-6.7075466975727025 12.54
-6.7075466975727025 12.54
-6.575663102698405 12.591
-6.575663102698405 12.591
-6.554388558482575 11.955
-6.357940955763302 11.845
-6.357940955763302 11.845
-6.357940955763302 11.845
-6.282135665443223 14.073
-6.282135665443223 14.073
-6.282135665443223 14.073
-6.282135665443223 14.073
-6.20261497126199 10.95
-6.20261497126199 10.95
-6.20261497126199 10.95
-6.099995445953673 13.94
-6.099995445953673 13.94
-6.069114006649609 14.784
-6.031855032807662 11.52
-6.031855032807662 11.52
-6.031855032807662 11.52
-6.031855032807662 11.52
-6.016417740970438 12.448
-5.901317923604851 9.702
-5.901317923604851 9.702
-5.879651902587721 11.724
-5.879651902587721 11.744
-5.241282764520897 12.917
-5.241282764520897 12.917
-5.2409784033509785 12.231
-5.2409784033509785 12.231
-4.566945712483646 12.309
-4.566945712483646 12.309
-4.566945712483646 12.309
-4.566945712483646 12.309
-4.525735167278604 11.643
-4.525735167278604 11.643
-4.492380589897941 13.311
-4.492380589897941 13.311
-4.477801130415414 12.396
-4.477801130415414 12.396
-4.389180311050261 13.316
-4.371986620551856 11.572
-4.371986620551856 11.572
-4.371986620551856 11.572
-4.371986620551856 11.572
-4.164948869309349 13.392
-4.053671265437947 13.949
-4.053671265437947 13.949
-4.033503624822871 11.93
-4.033503624822871 11.93
-3.9415901761997327 13.378
-3.9415901761997327 13.378
-3.894096623015156 11.677
-3.894096623015156 11.677
-3.8765355397331476 13.743
-3.814059834456878 12.697
-3.433528260405817 12.032
-3.433528260405817 12.032
-3.433528260405817 12.032
-3.4136624613614113 12.452
-3.2894489257699386 13.007
-3.2894489257699386 13.007
-3.2894489257699386 13.007
-3.2801049328081096 12.94
-3.2409333930393496 14.269
-3.2169770889623304 14.189
-3.2169770889623304 14.189
-3.2169770889623304 14.189
-3.213650269508089 14.602
-3.2002171563521147 12.707
-3.196734361984306 15.024
-3.1711286887661063 13.299
-3.1711286887661063 13.299
-3.1711286887661063 13.299
-3.1711286887661063 13.299
-3.2169770889623304 14.189
-3.0246248295571494 14.193
-3.0246248295571494 14.193
-2.9827155022320397 11.622
-2.9396150649088444 14.738
-2.6730808609689234 10.939
-2.649576913691345 13.103
-2.542829279902972 14.193
-6.78526177775786 11.726
-2.498347926003766 10.988
-2.498347926003766 10.988
-2.498347926003766 10.988
-2.4937779470209662 12.736
-2.4937779470209662 12.736
-2.413868581190884 13.728
-2.4088103604158473 14.099
-2.3789016890714256 13.345
-2.30876949761997 11.828
-2.30876949761997 11.828
-2.30876949761997 11.828
-2.1571894690517714 13.356
-2.105581800455523 12.019
-2.105581800455523 12.019
-2.0539329786316785 14.048
-1.9532936203763924 11.341
-1.9519605721952888 12.35
-1.9107298725051534 11.62
-1.9057651983947632 12.82
-1.9057651983947632 12.82
-1.9057651983947632 12.82
-1.6640122466087492 12.916
-1.6640122466087492 12.916
-1.6272280084957154 11.395
-1.6272280084957154 11.395
-2.2043829280076555 14.43
-1.6272280084957154 11.395
-1.6272280084957154 11.395
-1.565587369373843 12.629
-1.5442094795828283 14.427
-1.4977375894174296 13.388
-1.2959596082026952 13.296
-1.237985500958892 12.89
-1.1270448987912587 14.246
-1.1270448987912587 14.246
-3.9415901761997327 13.378
-1.5584570692506425 14.877
-1.1239137710484226 12.428
-1.1239137710484226 12.428
-1.1239137710484226 12.428
-1.1239137710484226 12.428
-1.1207431025299455 17.123
-1.0955025346053238 12.045
-1.0888924005000762 13.815
-1.0888924005000762 12.873
-1.0888924005000762 13.815
-1.0888924005000762 12.873
-3.957754465156913 12.974
-1.0888924005000762 12.873
-1.0888924005000762 13.815
-1.0398730869212227 12.542
-3.213650269508089 14.602
-1.0398730869212227 12.542
-1.0264040528175666 14.41
-1.0264040528175666 14.41
-1.0264040528175666 14.41
-0.9921971702181099 12.775
-0.9921971702181099 12.775
-0.9921971702181099 12.775
-0.8745631563783489 12.646
-0.8745631563783489 12.646
-0.8745631563783489 12.646
-0.8545613973530285 11.31
-0.8545613973530285 11.31
-0.7906575584166547 14.276
-0.7906575584166547 14.276
-0.7568230898156011 13.876
-0.7568230898156011 13.859
-0.7325311352704066 14.746
-0.7325311352704066 14.766
-0.7058899960113544 11.339
-0.6572480697774681 10.387
-0.6572480697774681 10.387
-0.6572480697774681 10.387
-0.6572480697774681 10.387
-0.6491403988627134 13.151
-0.6491403988627134 13.151
-0.6491403988627134 13.151
-0.6449346051230651 13.285
-0.6449346051230651 13.285
-0.6449346051230651 13.285
-0.6364541510641714 12.237
-0.6364541510641714 12.237
-0.6364541510641714 12.237
-0.6364541510641714 12.237
0.45056343580062386 11.805
0.45056343580062386 11.805
1.1665037461417316 13.846
1.1665037461417316 13.846
1.9521746704683427 12.056
1.9521746704683427 12.054
1.9521746704683427 12.054
1.9521746704683427 12.056
2.5175213981530935 11.699
2.5175213981530935 11.699
2.65358951908914 12.854
2.65358951908914 12.854
2.65358951908914 12.854
2.7396206526600877 13.848
2.7396206526600877 13.848
2.785802623122464 13.776
3.356612985221895 12.857
3.356612985221895 12.857
3.356612985221895 12.857
3.4206453895622353 13.176
4.8648526368875045 13.396
4.8648526368875045 13.396
5.1415945401974685 11.113
5.1415945401974685 11.113
5.1415945401974685 11.113
5.1415945401974685 11.113
6.085065161401319 13.86
6.2277348964036925 13.855
6.2277348964036925 13.855
6.9637289165127925 11.113
6.9637289165127925 11.113
6.9637289165127925 11.113
7.692778575581887 10.991
8.884246041491778 11.809
8.884246041491778 11.809
9.302608275243104 10.904
9.302608275243104 10.904
11.423920394236204 13.732
11.423920394236204 13.69
16.527984927240457 12.203
17.190193640932613 12.765
19.371919325231307 12.238
20.28687752983398 12.239
20.28687752983398 12.239
20.28687752983398 12.239
20.28687752983398 12.239
20.58772835984623 11.851
20.58772835984623 11.851
20.58772835984623 11.851
20.58772835984623 11.851
21.774627375339662 13.86
21.774627375339662 13.86
22.939335364078474 11.609
22.939335364078474 11.609
24.242417623800772 13.143
24.792690971993036 14.234
24.792690971993036 14.234
25.130373505158715 11.923
25.130373505158715 11.923
25.57415495224808 14.447
25.65588389846166 13.195
25.65588389846166 13.195
25.65588389846166 13.195
25.65588389846166 13.195
30.564565951267912 14.47
30.810210759446427 16.709
32.20156325060587 12.144
32.20156325060587 12.144
32.20156325060587 12.144
34.61480769541395 14.06
36.206443774388156 9.869
36.206443774388156 9.872
36.206443774388156 9.872
36.206443774388156 9.869
43.36490058988882 12.71
43.36490058988882 12.71
51.9539248772501 12.312
51.9539248772501 12.312
51.9539248772501 12.312
52.995792033583804 14.69
64.25731856093007 14.181
64.25731856093007 14.181
64.25731856093007 14.181
64.25731856093007 14.181
64.7810771939256 12.595
67.91022565839695 11.225
70.75773116549196 14.481
71.38095277898235 12.494
71.38095277898235 12.494
71.38095277898235 12.494
71.90753404474293 13.453
71.90753404474293 13.453
71.90753404474293 13.453
71.90753404474293 13.453
76.37013564132064 14.412
76.37013564132064 14.412
76.37013564132064 14.412
77.86058925002946 12.748
77.86058925002946 12.748
85.6764807563657 12.178
90.0064689569036 11.602
90.0064689569036 11.602
94.19809611182959 12.926
94.19809611182959 12.926
101.55166814839836 12.992
107.92013995187376 12.431
107.92013995187376 12.431
107.92013995187376 12.431
108.90778151242858 11.136
108.90778151242858 11.136
108.90778151242858 11.136
108.90778151242858 11.136
110.34209301803999 10.621
110.34209301803999 10.621
110.34209301803999 10.621
110.34209301803999 10.621
122.80424446151366 13.467
122.80424446151366 13.467
129.16381502123522 10.9
133.6875492235613 13.525
133.6875492235613 13.525
148.28626021420808 9.58
149.6669635294214 12.584
149.6669635294214 12.584
149.6669635294214 12.584
149.6669635294214 12.584
171.0018607887571 12.603
175.59166497399667 12.733
175.59166497399667 12.733
175.59166497399667 12.733
177.53004508920267 14.537
180.02986268392368 13.676
180.02986268392368 13.676
180.02986268392368 13.676
180.02986268392368 13.676
197.87877101068628 11.514
197.87877101068628 11.514
217.19744216537816 12.458
217.19744216537816 12.458
235.51881772916158 13.07
235.51881772916158 13.07
235.51881772916158 13.07
235.51881772916158 13.07
237.82119088342495 14.569
237.82119088342495 14.569
246.7502204237965 12.438
247.17490076110178 12.243
247.17490076110178 12.243
247.17490076110178 12.243
263.11715181959323 14.636
314.8675948552092 13.183
314.8675948552092 13.183
314.8675948552092 13.183
314.8675948552092 13.183
321.45691497334536 12.47
321.56256711535445 11.246
321.56256711535445 11.246
333.4096580841934 12.676
333.4096580841934 12.676
333.4096580841934 12.676
352.5864827608232 11.627
352.5864827608232 11.627
360.3628414878718 14.564
360.3628414878718 14.564
368.033003977935 13.819
368.033003977935 13.819
368.033003977935 13.819
399.28082605810664 10.555
411.6156862026666 14.155
421.842956170546 10.956
421.842956170546 10.956
430.52768982180805 10.955
430.52768982180805 10.955
433.9103445240377 13.245
491.645451733247 12.707
491.645451733247 12.707
491.645451733247 12.707
491.645451733247 12.707
497.3616387580831 12.982
497.3616387580831 12.982
498.1067931131762 13.789
498.1067931131762 13.789
501.6052568713803 13.012
501.6052568713803 13.012
501.6052568713803 13.012
501.6052568713803 13.012
520.4695392452231 10.557
577.7389509888924 10.822
577.7389509888924 10.822
581.4416050167522 13.764
620.7251359649481 11.751
623.8500165715625 10.736
623.8500165715625 10.736
623.8500165715625 10.736
623.8500165715625 10.736
852.8400993099121 14.569
958.6971708327187 12.464
958.6971708327187 12.464
1041.649333007552 12.547
1041.649333007552 12.547
1052.0308990279093 13.292
1052.0308990279093 13.292
1072.2116603748202 15.752
1091.3177420395364 11.444
1091.3177420395364 11.444
1175.449747212242 14.035
1175.449747212242 14.035
1223.990913107602 10.958
1223.990913107602 10.958
1223.990913107602 10.958
1223.990913107602 10.958
1232.0370800007545 12.229
1232.0370800007545 12.229
1310.4813047855648 12.579
1310.4813047855648 12.579
1310.4813047855648 12.579
1310.4813047855648 12.579
1334.2555964076807 14.528
1435.3032352107407 14.041
1435.3032352107407 14.041
1440.1186226681764 13.216
1440.1186226681764 13.216
1469.4595227780403 11.876
1533.5751333781861 11.065
1533.5751333781861 11.065
1552.693969856879 11.303
32.20156325060587 12.144
-0.8545613973530285 11.31
25.130373505158715 11.924
1552.693969856879 11.303
1552.693969856879 11.303
1552.693969856879 11.303
1583.50618947998 10.861
247.17490076110178 12.243
25.57415495224808 14.447
258.5081594652309 11.791
